0	0	0	0	14400	0	0	0	0
1000	13	2329	62	11667	102	36	34757	329
2000	12	2661	65	11275	155	44	32578	547
3000	20	2719	74	11198	120	63	31652	641
4000	25	2740	69	11196	96	57	32751	429
5000	14	2663	63	11315	117	23	32044	383
6000	12	2844	74	11130	103	25	32826	311
7000	14	2754	88	11218	78	40	31533	389
8000	13	2612	62	11412	64	42	32023	272
9000	13	2732	52	11317	50	20	31983	274
10000	16	2923	74	11181	10	16	32821	99
11000	11	2730	73	11365	0	12	33327	32
12000	13	2606	63	11494	2	1	33294	43
13000	19	2877	68	11149	94	0	32478	0
14000	17	2794	71	11217	69	22	32512	257
15000	21	2881	70	11087	64	57	31814	255
16000	21	2767	78	11218	87	42	33123	305
17000	20	2889	58	11172	49	24	31543	323
18000	20	2737	81	11271	69	43	32839	337
19000	26	2755	84	11204	67	54	32556	353
20000	23	2777	73	11182	86	35	33531	219
21000	20	2800	71	11187	72	43	32554	304
22000	21	2886	84	11109	59	34	32086	323
23000	13	2973	67	11062	56	33	30742	254
24000	23	2951	75	11047	60	27	32962	269
25000	19	2630	67	11427	35	28	31695	293
26000	26	2679	69	11332	40	51	32875	304
27000	17	2728	76	11292	41	53	33801	258
28000	15	2796	64	11193	52	69	32822	318
29000	11	2799	78	11273	34	12	33056	70
30000	9	2792	70	11312	10	3	33920	41
31000	21	2854	63	11232	18	8	32031	65
32000	16	2975	71	11118	13	0	32536	18
33000	13	2746	69	11355	17	0	32620	24
34000	29	2888	70	11169	31	2	32620	74
35000	24	2779	80	11273	24	4	31961	100
36000	13	2737	65	11370	25	1	33543	80
37000	16	2764	81	11314	16	13	32360	82
38000	13	2835	62	11267	21	1	32999	58
39000	13	2744	77	11317	53	0	31839	94
40000	19	2712	80	11323	39	14	32894	112
41000	18	2803	64	11258	37	16	32756	128
42000	10	2871	69	11199	28	16	32147	145
43000	16	2887	62	11192	10	11	33094	104
44000	23	2963	62	11133	7	4	32335	57
45000	21	2926	73	11198	3	2	32900	16
46000	11	2737	75	11378	0	5	32080	13
47000	18	2814	71	11287	8	1	32948	39
48000	10	2835	70	11281	0	0	33668	17
49000	24	2725	66	11268	109	3	33387	135
50000	22	2819	93	11144	69	28	32763	291
51000	19	3061	74	10966	30	41	32759	181
52000	19	2853	80	11183	18	35	32562	89
53000	10	2738	57	11371	10	20	33286	32
54000	12	2807	79	11292	4	10	34496	41
55000	14	2726	66	11365	9	19	32735	137
56000	24	2801	58	11254	12	35	33489	86
57000	24	2868	68	11207	17	26	33210	85
58000	15	2738	72	11296	44	29	32218	160
59000	13	2722	87	11297	44	24	32040	165
60000	12	2855	75	11164	62	34	31325	299
61000	24	2670	76	11302	97	27	32492	539
62000	12	2754	84	11270	76	21	32401	268
63000	17	2600	70	11412	57	19	32290	332
64000	19	2812	82	11219	27	36	32898	238
65000	17	2848	88	11183	27	36	31976	191
66000	16	2745	82	11316	24	28	32887	209
67000	15	2761	71	11313	26	21	31612	182
68000	18	2922	69	11170	13	4	31690	39
69000	16	2936	72	11153	23	21	32035	136
70000	13	2821	81	11238	28	22	30966	139
71000	11	2771	75	11301	12	28	32941	91
72000	11	2819	69	11300	2	14	33266	81
73000	14	2781	57	11373	2	3	32500	8
74000	22	2832	65	11126	123	16	32705	319
75000	23	2796	64	11132	99	60	31732	483
76000	22	2856	64	11126	58	71	31553	366
77000	20	2930	80	10972	88	83	31372	496
78000	22	2917	77	11055	53	103	31314	404
79000	22	2945	71	11020	61	95	32108	491
80000	25	2914	69	11016	101	63	31797	492
81000	16	2802	63	11157	90	54	31489	310
82000	16	2788	99	11200	66	29	31455	388
83000	15	2923	77	11133	27	29	32082	145
84000	9	2632	77	11460	24	25	32009	153
85000	17	2694	60	11396	19	35	33276	193
86000	21	2946	66	11060	33	33	32638	222
87000	24	2980	59	11005	89	42	31525	287
88000	18	2823	80	11108	135	46	32568	430
89000	14	2617	74	11267	165	39	32185	551
90000	14	2819	72	11068	128	104	32336	664
91000	18	2750	67	11105	156	76	31717	782
92000	16	2829	65	11066	135	93	31851	474
93000	15	2648	84	11265	144	51	31642	393
94000	13	2810	72	11139	109	63	32968	533
95000	18	2837	56	11134	125	77	30860	450
96000	11	2652	85	11214	106	103	32875	771
97000	22	2586	84	11277	128	96	30951	873
98000	21	2614	79	11221	130	128	33111	824
99000	20	2736	78	11102	96	138	32037	678
100000	18	2700	68	11221	87	93	32074	490
101000	14	2669	60	11290	88	94	33561	430
102000	17	2729	72	11200	71	101	31655	544
103000	20	2866	68	11088	76	86	32316	524
104000	18	2688	60	11250	59	119	32901	441
105000	22	2876	86	11038	85	91	32668	399
106000	17	2714	55	11241	95	90	32874	483
107000	16	2794	63	11148	71	108	33231	488
108000	14	2819	71	11169	58	69	32878	293
109000	16	2798	73	11201	60	50	32487	304
110000	18	2884	77	11079	79	48	32340	352
111000	18	2813	73	11159	55	82	32920	342
112000	20	2811	82	11166	75	35	33440	398
113000	21	2798	65	11232	51	16	33055	206
114000	23	2748	84	11311	43	19	32335	78
115000	12	2671	68	11421	21	16	33293	187
116000	17	2985	68	11096	13	20	31940	77
117000	22	3087	59	10966	13	28	30325	161
118000	18	2820	72	11251	14	10	31246	39
119000	23	2903	71	11177	5	11	31601	29
120000	26	3001	69	11115	5	3	31550	51
121000	18	2973	77	11129	5	1	31118	40
122000	22	2983	70	11120	5	7	31522	29
123000	15	2718	77	11394	1	8	31446	17
124000	20	2954	61	11150	0	21	33147	14
125000	21	2863	73	11213	21	9	32060	83
126000	15	2776	82	11300	1	1	33122	4
127000	11	2834	79	11188	82	0	31262	21
128000	24	2711	86	11267	53	34	32597	170
129000	14	2838	81	11156	79	40	32491	297
130000	21	2881	51	11116	88	38	32622	450
131000	18	2741	68	11223	100	70	31757	350
132000	14	2773	76	11180	131	34	31711	659
133000	22	2830	69	11131	115	32	31417	383
134000	15	2721	75	11283	66	25	33099	380
135000	17	2826	69	11165	91	33	33189	293
136000	20	2761	79	11218	65	53	33301	361
137000	18	2654	70	11309	100	46	32338	401
138000	13	2834	78	11111	85	57	32309	425
139000	12	3034	59	10968	76	83	31413	500
140000	22	2936	52	10990	80	103	30551	619
141000	20	2887	82	11021	96	69	31359	414
142000	13	2949	74	11048	83	39	31085	421
143000	25	2826	91	11137	88	16	32633	415
144000	25	2928	78	11075	95	8	32137	290
145000	8	3012	67	11031	60	26	30717	347
146000	17	2659	71	11388	56	24	32190	248
147000	23	2720	54	11320	52	35	32377	248
148000	13	2896	57	11128	76	30	31269	239
149000	21	2954	75	11059	60	17	32180	282
150000	23	2899	73	11150	49	42	31191	315
151000	13	2721	62	11249	72	88	32227	393
152000	18	2760	65	11188	84	82	33269	373
153000	16	2761	76	11250	39	57	32472	218
154000	20	2755	60	11286	28	61	31013	289
155000	19	2685	83	11298	42	71	31833	354
156000	20	2528	75	11431	70	67	33019	325
157000	30	2797	88	11137	77	51	31830	550
158000	22	2841	69	11136	54	75	31670	351
159000	17	2863	66	11172	63	21	33681	257
160000	23	2788	71	11247	57	32	33815	154
161000	23	2774	61	11250	73	23	31957	290
162000	17	2867	70	11159	65	38	32060	299
163000	19	2710	74	11300	76	18	33760	259
164000	30	2780	75	11186	85	37	32562	436
165000	17	2803	74	11198	74	29	33700	168
166000	18	2815	62	11192	66	41	31872	313
167000	12	2838	71	11154	63	37	32096	123
168000	17	2808	73	11217	79	22	32855	175
169000	19	2818	64	11241	53	27	31653	192
170000	19	2804	67	11215	26	44	31706	253
171000	11	2853	69	11248	19	26	31910	106
172000	23	2857	59	11225	19	9	32699	50
173000	25	3075	90	10971	18	8	30283	48
174000	21	2916	67	11170	17	19	32876	103
175000	18	3011	71	11113	15	0	31016	24
176000	14	2819	74	11286	6	0	33265	7
177000	15	2839	72	11279	0	2	31693	21
178000	18	2627	76	11370	96	5	33658	233
179000	14	2536	71	11467	82	35	32630	327
180000	24	2691	64	11376	13	50	32657	225
181000	20	2612	78	11438	27	13	32836	78
182000	15	2777	72	11293	18	18	32198	91
183000	20	3005	60	11108	6	5	32483	34
184000	17	2983	62	11114	16	6	31990	72
185000	15	2840	74	11243	7	13	32270	48
186000	21	2544	66	11583	9	7	33728	25
187000	16	2655	63	11438	0	3	33173	8
188000	13	2790	62	11346	2	4	32285	10
189000	24	2857	68	11249	10	5	33615	48
190000	25	2713	77	11349	14	14	33528	111
191000	19	2707	80	11377	13	6	33213	31
192000	14	2811	68	11284	5	3	34778	0
193000	12	2846	69	11259	13	2	32062	28
194000	20	2880	78	11193	3	5	32595	7
195000	12	2924	70	11178	2	0	32991	2
196000	16	2804	84	11212	78	11	32446	279
197000	26	2988	67	11019	54	30	30757	279
198000	16	3047	64	10979	82	41	30763	392
199000	22	2870	67	11088	76	63	32817	475
200000	18	2901	83	11055	98	52	30668	444
201000	20	2828	74	11073	101	77	32241	479
202000	17	2762	73	11192	77	69	32040	501
203000	20	2857	63	11131	72	65	31899	395
204000	21	2844	77	11125	57	84	32526	297
205000	15	2645	65	11337	79	53	33132	231
206000	11	2651	69	11394	38	34	33414	161
207000	15	2603	61	11361	103	38	32966	337
208000	10	2857	85	11160	53	12	33156	104
209000	20	2750	70	11284	38	22	31489	195
210000	31	2911	80	11119	34	24	31795	124
211000	16	2712	76	11353	14	16	32147	145
212000	12	2748	72	11339	23	7	32231	36
213000	14	2775	75	11297	12	8	32497	44
214000	26	3086	73	10963	9	18	32099	44
215000	14	2796	66	11297	21	9	31669	124
216000	22	3011	73	11049	39	4	32847	147
217000	14	2812	72	11267	30	9	32150	101
218000	15	2913	66	11116	45	52	32045	308
219000	21	2818	69	11183	55	46	31794	254
220000	24	2724	69	11301	68	26	31591	208
221000	20	2968	75	11040	68	24	31258	200
222000	16	2864	71	11182	53	11	32506	177
223000	17	2797	60	11254	51	26	33403	331
224000	17	2853	80	11174	39	35	31045	237
225000	14	2608	77	11456	15	28	32670	167
226000	13	2811	66	11305	11	17	32597	156
227000	12	2935	81	11165	2	8	32679	3
228000	22	2894	79	11224	0	2	32025	63
229000	19	2811	90	11262	0	0	31632	1
230000	14	2779	58	11275	69	18	31985	288
231000	13	2815	65	11180	62	37	32738	359
232000	22	2781	80	11210	44	54	32769	306
233000	21	2682	65	11347	61	40	32297	470
234000	14	2884	78	11069	92	73	32744	528
235000	10	2829	63	11131	119	68	31768	443
236000	19	2805	61	11079	129	94	31483	661
237000	27	3042	71	10860	99	115	32161	571
238000	24	2685	60	11224	122	76	32722	596
239000	17	2735	70	11106	159	90	33513	533
240000	18	2837	74	11058	161	67	31707	380
241000	28	2802	57	11042	147	108	31817	576
242000	12	2818	67	11020	220	75	30996	936
243000	18	2856	70	11041	178	57	32214	798
244000	19	2831	74	11028	166	88	30489	772
245000	21	2765	62	11137	151	65	31555	650
246000	18	2922	65	10986	143	76	31605	675
247000	18	2810	79	11114	169	56	32079	629
248000	22	2862	88	10944	135	110	31088	813
249000	17	2782	75	11061	122	142	31270	664
250000	8	2666	70	11216	143	113	31705	631
251000	21	2679	71	11140	173	123	30637	807
252000	26	2852	79	10934	227	77	31756	726
253000	21	2948	68	10896	150	119	32505	930
254000	25	2738	63	11069	180	135	31507	803
255000	20	2851	64	10910	225	131	31682	926
256000	19	2653	84	11111	207	124	32360	1058
257000	21	2693	60	11089	225	113	31473	1111
258000	13	2700	69	11092	210	116	32303	1039
259000	30	2673	74	11129	150	126	31636	825
260000	24	2825	76	11070	111	108	30760	639
261000	17	2794	61	11166	101	65	32263	357
262000	22	2614	75	11297	123	53	31323	524
263000	19	2722	87	11232	92	40	33296	632
264000	20	2725	59	11248	55	98	31791	432
265000	18	2740	64	11251	50	80	32887	511
266000	12	2806	84	11159	83	51	31964	333
267000	10	2693	88	11288	76	60	32823	448
268000	18	2565	74	11397	111	46	33834	388
269000	23	2745	72	11223	79	58	33384	282
270000	25	2774	72	11209	73	67	33063	358
271000	14	2885	73	11079	96	27	31308	457
272000	16	2822	99	11129	102	53	31664	410
273000	16	2678	71	11266	98	68	32405	371
274000	12	2762	70	11224	71	55	33810	470
275000	28	2779	79	11217	50	60	31558	271
276000	15	2719	60	11314	49	53	32869	191
277000	27	2583	65	11401	84	26	33909	410
278000	19	2624	72	11369	73	39	32362	262
279000	27	2877	60	11123	53	32	31622	220
280000	15	2805	67	11238	35	52	32357	171
281000	23	2901	91	11151	32	31	32214	279
282000	15	2868	65	11210	52	10	32603	206
283000	26	3093	74	10955	9	21	32531	58
284000	23	2928	76	11156	4	5	32839	20
285000	22	2752	83	11330	11	13	32252	71
286000	21	2814	56	11274	17	2	32231	84
287000	15	2760	63	11317	21	12	33609	74
288000	27	2821	67	11276	1	16	31668	78
289000	14	2867	69	11208	4	3	31897	53
290000	18	2828	79	11257	12	8	32789	29
291000	14	2848	86	11235	5	3	32187	32
292000	21	2760	63	11344	5	0	32443	17
293000	24	2902	62	11174	26	5	32851	97
294000	17	3012	72	11070	22	1	33767	108
295000	14	2834	56	11283	15	3	32825	84
296000	21	2763	94	11290	10	1	33579	60
297000	21	2846	48	11283	7	6	33281	47
298000	18	2748	86	11316	7	4	33262	36
299000	18	2955	75	11133	11	2	32039	77
300000	15	2950	60	11144	3	25	31523	51
301000	11	2638	64	11489	14	11	32822	87
302000	22	2876	84	11169	15	8	31683	95
303000	15	2861	74	11215	30	6	31496	74
304000	17	2975	59	11129	10	17	31674	102
305000	22	2882	90	11184	3	19	32655	56
306000	12	2692	81	11391	5	31	32905	99
307000	15	2569	76	11500	6	33	32759	116
308000	18	2711	69	11392	12	12	32028	116
309000	18	2745	62	11333	17	11	32736	81
310000	10	2705	79	11361	13	30	32076	126
311000	15	2705	83	11397	1	2	34352	16
312000	17	2766	59	11334	8	1	33918	32
313000	15	2782	74	11311	8	2	31447	21
314000	17	2649	79	11448	0	0	33023	2
315000	18	2636	67	11380	98	2	33482	236
316000	18	2716	72	11296	54	24	32949	365
317000	20	2770	72	11263	41	16	32320	181
318000	23	2732	87	11274	47	40	32399	248
319000	21	2742	65	11323	35	10	32856	158
320000	14	2630	84	11457	23	7	34650	73
321000	16	2791	64	11288	35	18	31713	212
322000	12	2863	62	11191	53	16	31897	193
323000	20	2760	79	11273	44	31	33747	125
324000	20	2711	71	11325	30	41	32860	290
325000	16	2671	76	11378	14	28	33025	106
326000	16	2811	70	11237	33	31	32706	167
327000	18	2776	57	11325	26	16	32780	126
328000	11	2796	77	11275	14	26	33184	45
329000	16	2849	64	11219	31	24	32503	164
330000	19	2758	74	11309	19	16	33511	122
331000	12	2814	78	11262	28	12	30934	120
332000	17	2719	60	11363	26	20	31683	190
333000	13	2649	72	11365	38	42	32854	129
334000	15	2594	56	11478	33	10	32648	112
335000	17	2820	71	11241	21	11	32502	57
336000	17	2930	62	11188	0	9	31655	13
337000	14	2972	86	11108	2	8	32207	11
338000	25	2996	93	11066	0	11	31071	28
339000	17	2763	90	11309	0	9	32364	32
340000	22	2914	79	11177	0	2	31931	37
341000	24	2827	79	11258	0	0	32141	2
342000	15	2908	75	11208	0	0	32026	8
343000	12	2947	74	11038	103	9	31771	408
344000	14	2751	98	11201	58	41	31721	331
345000	15	2873	70	11157	53	45	32282	297
346000	19	2885	75	11058	108	55	31915	317
347000	20	2795	71	11136	75	95	31072	577
348000	16	2802	81	11169	77	58	32595	527
349000	16	2650	60	11346	81	46	33943	335
350000	20	2937	63	11022	108	67	31880	510
351000	24	2877	67	11027	118	67	31853	574
352000	15	2828	60	11110	91	111	32224	593
353000	11	2940	73	10919	166	88	31791	691
354000	11	2604	81	11274	120	113	31650	753
355000	16	2740	82	11211	81	61	32454	434
356000	17	2694	74	11270	74	86	32744	402
357000	21	2710	76	11192	82	97	31452	400
358000	20	2735	65	11242	88	73	32539	516
359000	16	2617	83	11366	44	82	34083	414
360000	12	2667	77	11323	65	62	33596	377
361000	19	2713	81	11242	68	57	32901	357
362000	17	2738	76	11248	79	32	32691	502
363000	21	2824	73	11218	40	29	32993	312
364000	7	2724	82	11333	49	3	33244	189
365000	20	2717	73	11344	27	21	32728	147
366000	20	2502	68	11530	57	4	32084	127
367000	18	2839	75	11223	35	14	32558	142
368000	22	2870	72	11206	51	9	32663	191
369000	20	2724	73	11307	58	17	33539	217
370000	16	2757	73	11321	17	18	33179	201
371000	15	2773	76	11287	34	32	32822	154
372000	17	2680	80	11382	33	7	32536	257
373000	21	2864	74	11182	24	12	34057	125
374000	26	2712	70	11363	11	16	32351	70
375000	20	2788	74	11304	14	19	32293	64
376000	12	2834	67	11263	0	12	32258	0
377000	19	2715	87	11372	7	3	33831	60
378000	17	2813	78	11265	4	0	32584	27
379000	24	2895	66	11214	0	2	33275	3
380000	19	2828	73	11282	0	2	32172	0
381000	21	2892	73	11183	1	8	32999	38
382000	11	2734	77	11380	5	1	33655	0
383000	14	2823	66	11289	10	0	32915	6
384000	16	2833	76	11287	1	0	32977	1
385000	17	2731	78	11297	69	14	33141	392
386000	28	2734	67	11287	44	59	32587	302
387000	27	2781	54	11237	37	64	32208	281
388000	15	2758	69	11205	63	68	32154	298
389000	17	2760	57	11275	50	40	32032	218
390000	12	2618	77	11372	48	42	32200	370
391000	17	2834	83	11230	38	9	31989	247
392000	21	2779	73	11304	18	20	31940	32
393000	21	2660	77	11404	6	0	33293	42
394000	14	2867	86	11241	2	0	33142	0
395000	16	2792	71	11317	3	0	32494	11
396000	29	2804	74	11271	3	0	31622	19
397000	20	2715	66	11273	97	2	32428	180
398000	23	2718	78	11249	69	43	32506	205
399000	16	2784	73	11268	30	46	32887	244
400000	14	2666	72	11381	21	49	31463	123
401000	19	2920	92	11096	47	39	31171	273
402000	19	2743	77	11244	104	16	33424	371
403000	21	2682	90	11284	93	35	33638	244
404000	15	2562	71	11404	79	45	33273	320
405000	26	2871	75	11108	58	28	31899	262
406000	15	2719	69	11322	59	23	33299	281
407000	17	2741	66	11330	37	19	32108	194
408000	21	2721	80	11345	10	24	32708	147
409000	14	2822	73	11230	26	25	31977	103
410000	23	2903	60	11203	6	24	32083	177
411000	14	2849	72	11219	7	24	32606	108
412000	13	2814	76	11299	6	1	32368	45
413000	16	2688	64	11458	1	4	34082	0
414000	24	2735	61	11297	70	4	34300	170
415000	21	2641	65	11442	51	19	32575	241
416000	12	2648	66	11403	35	9	33077	157
417000	18	2705	70	11335	47	13	33085	141
418000	15	2980	65	11059	29	48	31690	95
419000	18	2857	92	11165	33	36	33146	250
420000	16	2873	60	11198	26	41	31974	174
421000	21	2939	72	11054	46	39	31842	300
422000	17	2730	64	11323	23	37	33036	151
423000	18	2792	59	11281	26	13	33872	182
424000	16	2634	74	11430	17	21	33151	123
425000	22	2802	68	11305	13	15	32857	63
426000	15	2861	69	11235	24	2	31813	33
427000	19	2789	84	11280	6	11	33264	32
428000	15	2748	73	11350	9	9	31919	70
429000	18	2807	80	11297	13	5	32490	83
430000	21	2744	69	11333	23	1	32692	127
431000	21	2705	74	11371	22	22	31699	106
432000	22	2664	93	11364	24	12	34343	83
433000	17	2785	78	11255	48	15	32199	137
434000	16	2727	86	11305	44	15	33147	159
435000	16	2839	85	11203	53	28	32361	229
436000	15	2943	63	11104	46	15	30634	150
437000	13	2970	74	11025	97	12	30885	337
438000	16	2725	78	11257	82	28	32316	247
439000	12	2703	82	11340	37	35	32174	129
440000	17	2940	64	11135	28	15	31110	67
441000	18	2915	54	11144	51	34	34042	232
442000	18	2541	62	11468	60	52	33256	465
443000	17	2663	71	11379	28	32	32862	176
444000	12	2904	79	11126	49	30	32645	335
445000	22	2926	68	11057	70	43	33276	278
446000	15	2913	89	11083	48	45	32605	433
447000	11	2758	70	11274	69	46	33006	313
448000	21	2744	63	11219	114	40	32628	316
449000	17	2738	84	11271	63	39	32296	254
450000	24	2811	70	11201	40	42	34171	214
451000	14	2863	58	11190	24	40	31914	102
452000	18	2892	68	11155	20	21	32307	136
453000	23	3012	80	11041	17	28	32115	86
454000	18	2903	63	11201	24	17	32543	70
455000	17	2764	65	11302	31	13	32219	88
456000	22	2859	72	11213	12	21	31786	125
457000	20	2992	69	11061	21	17	31936	59
458000	13	2908	75	11144	8	25	32172	26
459000	14	2870	67	11225	15	8	32090	108
460000	22	2722	70	11363	8	7	31936	103
461000	11	2748	83	11356	0	10	32363	18
462000	16	2750	95	11341	1	4	31659	10
463000	20	2803	59	11306	0	0	32460	2
464000	29	2670	64	11336	93	8	33354	342
465000	17	2754	64	11307	52	14	33695	132
466000	18	2703	54	11334	64	29	32577	258
467000	21	2970	67	11075	51	34	31728	397
468000	17	2856	77	11168	41	28	31412	140
469000	24	2845	72	11217	17	19	32336	102
470000	15	2837	63	11224	42	15	31074	117
471000	14	2738	90	11297	43	17	32434	270
472000	24	2686	55	11372	31	11	32557	129
473000	13	2658	77	11415	0	14	32791	65
474000	16	2871	79	11193	12	21	31956	74
475000	11	2756	79	11304	16	31	33304	192
476000	20	2751	72	11293	22	32	32612	135
477000	14	2645	68	11424	16	22	33351	117
478000	22	2715	85	11324	30	13	32837	76
479000	29	2789	71	11265	28	12	32836	216
480000	16	2741	84	11311	5	33	32679	172
481000	15	2867	53	11217	26	21	33270	159
482000	17	2933	69	11152	10	11	32806	39
483000	12	2807	60	11285	0	12	32100	34
484000	14	2846	88	11128	111	0	32118	186
485000	18	2806	57	11237	68	32	32089	245
486000	18	2742	102	11209	77	37	34034	358
487000	19	2768	85	11240	52	19	33562	214
488000	19	2653	70	11382	34	28	32650	270
489000	20	2668	64	11379	40	24	33481	296
490000	21	2671	82	11376	38	7	32276	124
491000	26	2809	63	11250	57	3	33598	136
492000	18	2805	52	11261	41	19	31959	193
493000	16	2826	85	11238	29	27	32765	164
494000	21	2755	68	11318	25	12	33210	77
495000	10	2778	58	11318	32	5	31958	136
496000	17	2845	75	11247	17	5	33149	66
497000	21	2710	46	11417	22	5	33166	143
498000	24	2743	74	11340	9	12	33051	75
499000	17	2687	82	11415	5	7	31186	47
