0	0	0	0	14400	0	0	0	0
1000	41	503	977	12033	97	47	36039	219
2000	43	579	930	12124	40	21	36477	146
3000	66	599	910	12123	2	22	35012	60
4000	41	663	913	12131	0	0	35919	5
5000	42	652	1068	11781	92	7	34671	212
6000	38	608	1104	11785	42	25	35617	117
7000	38	545	1098	11903	40	4	35123	134
8000	58	516	972	12118	28	26	34876	194
9000	65	595	982	11991	15	53	35040	176
10000	57	573	960	12073	12	35	35550	199
11000	77	668	1067	11808	0	26	35403	53
12000	46	563	997	12063	8	36	35857	118
13000	35	584	1000	12022	3	29	35272	104
14000	42	557	1008	12024	1	33	35671	90
15000	46	529	977	12049	63	22	36974	30
16000	63	525	916	12135	55	12	35794	279
17000	52	556	1065	11876	56	51	35681	145
18000	49	640	924	12077	33	14	34740	213
19000	62	624	1103	11721	69	83	35858	236
20000	28	568	992	12053	34	26	35824	269
21000	44	518	1098	11932	41	9	37593	207
22000	41	594	1048	11887	38	3	36728	132
23000	48	528	1014	11943	80	62	35890	257
24000	63	595	1038	11803	99	34	35757	216
25000	74	597	996	11911	97	9	34213	300
26000	37	578	1186	11696	84	23	35261	257
27000	43	504	1182	11733	83	2	35032	267
28000	41	574	1076	11965	1	21	34306	61
29000	65	624	1211	11607	10	0	35947	25
30000	32	610	990	12062	3	0	37331	2
31000	60	550	1062	11884	67	9	35829	212
32000	58	509	1051	11985	53	6	34630	131
33000	43	558	1016	11992	63	14	35869	189
34000	54	543	985	11968	77	37	34609	319
35000	73	664	1041	11742	71	13	34976	197
36000	46	587	1002	11987	38	10	36243	106
37000	61	548	1162	11865	0	0	35062	14
38000	54	570	1125	11700	96	38	35477	247
39000	68	617	1003	11844	97	41	35151	458
40000	53	563	1068	11815	86	30	34978	342
41000	50	661	1075	11792	43	30	34911	112
42000	50	596	952	11955	89	69	33485	278
43000	71	559	990	11987	60	25	35781	271
44000	66	646	1108	11718	44	0	35159	155
45000	36	619	928	12090	31	2	34958	146
46000	54	559	986	12040	27	2	36231	110
47000	49	486	1026	12041	13	4	36333	76
48000	78	601	963	11987	95	5	34273	162
49000	47	594	1035	11897	89	2	35085	289
50000	48	584	1010	11965	61	10	35390	309
51000	40	626	1011	11890	82	16	34132	254
52000	56	625	961	11939	51	55	34995	286
53000	41	646	958	11980	36	45	34650	209
54000	59	610	1060	11827	16	49	35155	112
55000	52	576	997	11972	37	27	34998	120
56000	59	617	988	11938	10	79	35563	256
57000	73	592	1048	11766	111	62	35884	602
58000	62	585	963	11851	139	52	35588	665
59000	61	511	1176	11535	224	67	34180	849
60000	66	662	844	11782	248	169	34486	1288
61000	78	618	1027	11591	239	126	33333	988
62000	60	574	992	11723	238	65	34554	1024
63000	43	562	1017	11805	193	66	35010	720
64000	54	576	1004	11906	118	35	33933	390
65000	57	592	1062	11819	153	12	35613	426
66000	74	649	1118	11513	273	18	33089	1095
67000	70	590	1185	11368	269	79	35603	936
68000	74	548	1132	11487	307	93	35104	1401
69000	62	652	970	11572	184	190	34476	835
70000	58	608	1186	11142	392	137	34984	1540
71000	80	581	1003	11517	333	145	33410	1524
72000	82	526	1298	11182	336	71	34697	1234
73000	49	582	1001	11645	344	71	35826	998
74000	56	550	999	11674	280	123	36110	1403
75000	53	565	1033	11578	349	108	34607	1242
76000	56	622	1075	11442	337	110	34553	1463
77000	58	548	1023	11629	281	129	34376	1068
78000	49	533	1099	11518	311	151	35237	1184
79000	49	515	1041	11350	549	141	34046	1756
80000	67	578	1033	11253	694	87	34789	1816
81000	60	650	1184	10972	613	103	33685	1902
82000	55	525	1021	11089	746	214	32841	2626
83000	83	510	1114	10992	653	225	33866	2396
84000	51	545	997	11186	649	224	33799	2575
85000	71	543	933	11421	599	182	33808	2614
86000	53	688	1029	11145	611	185	32037	1925
87000	52	640	1047	11228	557	146	32759	1871
88000	62	525	1016	11281	537	257	34203	2111
89000	86	579	976	11130	688	242	33062	2273
90000	90	554	1013	11035	706	238	33186	2597
91000	72	524	1063	10776	1014	164	32667	2871
92000	81	579	1011	10630	1067	295	31917	3739
93000	86	575	1139	10484	1112	227	32391	3649
94000	81	567	1112	10675	992	204	32078	3476
95000	88	554	1046	10714	985	256	32416	3729
96000	67	503	1034	10973	884	195	32088	3114
97000	71	616	1046	10879	788	232	31874	2914
98000	79	542	969	10900	1034	198	30914	2988
99000	82	547	1151	10495	1098	225	31616	3471
100000	58	519	1105	10600	1157	186	31163	4315
101000	88	598	923	10579	1154	362	32003	4185
102000	117	611	1006	10503	1034	313	32373	3516
103000	77	486	1021	10989	817	257	33096	3688
104000	62	477	1027	10835	959	293	32637	3343
105000	73	546	1030	10809	912	306	32699	3673
106000	83	502	1000	10670	1123	275	32408	3917
107000	82	525	1053	10567	1079	327	33761	3990
108000	82	507	976	10450	1235	437	32170	4343
109000	62	473	1078	10276	1413	386	30643	4686
110000	90	491	1090	10166	1433	351	30533	4615
111000	83	577	1045	10190	1282	475	30895	5258
112000	79	549	1049	10464	1145	333	31901	3701
113000	69	576	1028	10755	909	318	31869	3424
114000	86	538	1065	10596	964	409	32406	3829
115000	77	536	983	10584	1130	327	32876	4077
116000	91	499	1003	10341	1442	279	32249	4229
117000	96	540	1000	10413	1412	195	31010	4275
118000	102	481	999	10455	1219	359	32042	4242
119000	72	547	1118	10252	1242	302	31638	4302
120000	98	531	1131	10019	1338	463	31795	5241
121000	84	519	1023	10012	1545	478	30752	5746
122000	92	462	1122	9845	1706	399	31196	6040
123000	111	414	1107	9598	1880	470	27383	5767
124000	131	529	925	9800	1825	452	29074	6947
125000	118	469	947	9803	1911	394	29843	6452
126000	111	471	926	9699	2066	419	30204	7193
127000	123	521	1008	9730	1807	452	28711	6609
128000	100	469	1119	9567	1918	413	29442	6527
129000	68	474	1005	9811	1902	491	29395	6180
130000	114	480	1029	9730	1728	556	29553	6348
131000	81	481	942	9835	1776	548	28703	6385
132000	74	511	1086	9539	1857	531	29292	6237
133000	104	459	980	9810	1736	577	29712	6507
134000	89	458	969	9528	1948	682	29428	7442
135000	119	520	1093	9158	2094	631	27327	7958
136000	104	484	978	9611	1798	681	28489	6640
137000	86	510	944	9296	1906	924	29782	7221
138000	112	444	1016	9211	2046	808	29177	7853
139000	101	501	1024	9057	2160	806	27702	8447
140000	100	495	932	9251	2171	718	27296	8210
141000	122	554	1008	8933	2152	883	26409	8357
142000	89	468	1045	9437	1850	745	30053	7657
143000	109	466	953	9862	1604	735	29135	7191
144000	110	503	1001	9675	1709	637	28826	6485
145000	92	537	1048	9696	1700	506	29976	5368
146000	96	553	1142	9863	1493	443	30555	5153
147000	104	545	1025	9928	1494	546	29836	4856
148000	82	503	1198	10049	1212	545	30865	4685
149000	78	596	906	10664	1024	468	30598	4250
150000	80	565	1035	10563	970	375	31769	3708
151000	92	539	1136	10571	872	348	31758	3774
152000	79	523	1021	10548	1004	505	31168	3908
153000	67	535	1022	10722	819	441	32245	3710
154000	58	517	1025	10997	740	350	33055	3187
155000	65	517	1029	11013	707	323	33219	2817
156000	89	594	1020	10839	767	314	32132	2531
157000	56	565	1178	10982	589	222	34046	2447
158000	67	555	1011	11348	412	268	32651	1794
159000	62	601	991	11439	359	169	33614	1404
160000	35	448	970	11561	493	190	33962	1775
161000	66	624	1016	11375	406	206	33831	1631
162000	54	519	1142	11372	312	217	34412	1524
163000	66	549	1035	11518	344	121	35056	1105
164000	56	478	1070	11569	238	268	33462	1447
165000	64	540	1052	11414	398	188	34168	1888
166000	83	597	1046	11412	380	179	33243	1595
167000	54	561	1056	11413	371	161	34443	1526
168000	52	529	1079	11487	357	158	33498	1340
169000	59	563	930	11689	388	112	33724	1439
170000	58	542	991	11622	372	137	35874	1370
171000	48	526	1095	11354	342	208	34985	1380
172000	80	677	1030	11375	359	169	34200	1761
173000	39	639	1108	11409	278	152	33479	1255
174000	54	516	1083	11581	374	75	34981	1314
175000	62	596	1025	11434	465	69	35791	1594
176000	59	541	945	11721	338	100	35460	1472
177000	61	615	1020	11593	278	110	34956	1161
178000	74	562	928	11558	522	116	34481	1586
179000	68	541	1100	11284	363	283	33934	1674
180000	60	622	1008	11228	497	254	32379	1839
181000	65	566	1103	11224	437	198	33910	1767
182000	37	539	1074	11339	479	159	34557	1668
183000	83	559	1136	11195	507	94	34579	1493
184000	79	640	1008	11541	350	77	34903	1124
185000	56	583	1097	11503	233	132	34469	988
186000	60	571	1007	11410	438	146	34351	1432
187000	82	601	1082	11438	338	71	34355	1344
188000	77	585	912	11542	349	261	33353	1610
189000	88	535	978	11433	379	248	33423	1368
190000	67	515	1130	11322	394	196	34456	1557
191000	76	575	976	11702	190	128	33478	1134
192000	65	617	1054	11525	174	201	34816	1048
193000	56	609	1109	11355	309	153	34546	1168
194000	57	548	1021	11688	216	110	34920	616
195000	46	605	951	11707	288	61	34739	992
196000	47	588	983	11492	341	208	33767	1276
197000	67	589	1081	11445	358	107	35344	1280
198000	56	612	1062	11567	237	98	34036	922
199000	49	629	1013	11429	410	139	35017	1373
200000	46	596	914	11538	383	222	33817	1709
201000	55	583	933	11711	228	179	33914	1455
202000	36	601	1144	11420	267	147	34468	1066
203000	49	582	985	11568	361	139	35139	1199
204000	48	542	1151	11629	169	98	35081	820
205000	45	503	1178	11481	257	115	35113	855
206000	44	523	1046	11641	271	136	35590	1271
207000	46	478	937	11937	199	177	35323	1008
208000	51	667	1156	11360	294	107	34735	1029
209000	67	521	1041	11553	280	177	36289	1292
210000	58	596	1014	11658	169	149	35222	828
211000	43	604	914	11886	220	74	35009	767
212000	58	507	1067	11622	255	112	35172	962
213000	59	548	1218	11437	185	96	35491	975
214000	65	561	1065	11742	148	101	34392	544
215000	43	649	1033	11732	119	106	34171	594
216000	43	598	990	11624	281	162	36572	1057
217000	40	519	1014	11773	246	122	34513	1402
218000	60	557	1035	11596	193	218	34415	1299
219000	58	584	1115	11344	265	191	34315	1401
220000	64	539	1022	11464	384	154	34621	1435
221000	58	586	1068	11468	365	92	34066	1367
222000	87	555	1066	11592	273	90	35456	1103
223000	62	538	986	11700	300	70	35068	995
224000	69	622	983	11636	225	155	34127	1215
225000	39	519	1045	11759	183	88	35090	770
226000	67	549	1093	11698	155	61	34968	637
227000	42	571	971	11855	163	118	36301	653
228000	48	564	1014	11818	144	125	36173	697
229000	67	583	1061	11687	128	111	36099	822
230000	46	593	1023	11790	119	161	34841	736
231000	40	666	938	11931	78	71	35509	543
232000	50	685	1006	11849	90	41	32721	358
233000	58	709	1056	11772	12	57	34819	198
234000	37	594	1115	11760	37	33	36535	109
235000	30	607	972	11980	54	64	34499	267
236000	40	558	1081	11913	51	57	35873	254
237000	42	597	879	12240	0	20	35083	68
238000	37	604	1065	11892	5	42	34743	29
239000	60	675	1039	11807	8	57	35288	101
240000	69	579	1047	11971	5	22	36058	84
241000	74	542	1213	11665	1	49	35586	80
242000	45	532	1077	11961	0	17	36636	39
243000	58	509	1006	12115	0	20	34725	164
244000	42	596	933	12093	21	39	34316	62
245000	45	616	924	12083	25	55	36368	236
246000	47	631	1042	11839	52	56	35162	133
247000	46	589	1077	11800	49	40	35793	222
248000	57	547	902	12069	27	115	35368	368
249000	57	520	1199	11670	65	72	35273	294
250000	59	591	953	11938	84	65	35008	380
251000	46	508	1057	11837	147	55	36353	368
252000	76	545	921	11940	155	36	36819	577
253000	55	608	1008	11894	64	63	35895	463
254000	62	508	1129	11679	131	136	35475	526
255000	47	621	1084	11713	94	92	34604	461
256000	52	573	1004	11951	59	51	36034	242
257000	63	548	1011	11985	34	23	35142	286
258000	57	569	1114	11782	44	60	35633	242
259000	40	572	929	12043	86	54	35583	462
260000	55	610	1094	11752	70	47	35248	315
261000	59	491	1076	11957	52	25	36034	184
262000	50	575	1054	11901	69	25	35542	280
263000	41	572	1008	11998	33	48	36232	263
264000	34	610	1008	11929	22	51	34735	201
265000	45	636	965	11921	67	57	35356	345
266000	48	594	1010	11992	5	3	35279	188
267000	28	598	930	12176	3	3	36061	47
268000	31	516	846	12422	2	1	37010	29
269000	54	592	1047	11893	58	6	36094	208
270000	64	560	1093	11777	73	67	35009	549
271000	66	515	1143	11654	156	51	35111	477
272000	64	618	1052	11683	143	94	34444	747
273000	59	602	934	11840	186	120	34239	828
274000	54	621	989	11674	158	201	34408	1134
275000	68	573	1045	11522	197	234	32984	1286
276000	36	595	1080	11626	190	125	35166	895
277000	50	611	976	11854	101	116	35370	623
278000	55	517	1103	11791	64	77	34943	428
279000	42	564	1143	11661	87	85	36144	493
280000	46	555	1014	11787	163	104	35338	838
281000	58	530	1060	11791	146	79	35076	626
282000	58	573	903	12058	114	43	34745	574
283000	52	622	1302	11474	100	25	35759	336
284000	75	597	1017	11875	53	60	34477	314
285000	60	587	995	11865	42	68	36375	270
286000	67	554	1019	11872	107	28	35497	457
287000	49	638	1057	11805	83	12	33669	321
288000	44	565	965	12005	62	12	35951	135
289000	52	583	1092	11807	59	27	35802	259
290000	77	650	1019	11839	72	25	35986	347
291000	48	604	957	11981	72	40	36184	191
292000	38	572	1043	11921	44	10	34573	277
293000	47	598	912	12110	59	12	34981	272
294000	70	509	1036	11938	101	8	36756	205
295000	68	579	965	11968	80	0	36304	125
296000	39	574	1058	11912	86	0	36579	84
297000	47	545	981	12039	61	25	36557	312
298000	43	577	1051	11894	51	41	36984	216
299000	67	594	998	11860	134	18	34275	334
300000	67	560	986	11936	92	26	35111	311
301000	43	558	1027	11849	102	58	35376	174
302000	65	562	1043	11823	67	62	35279	419
303000	38	526	995	12046	48	31	36581	265
304000	34	619	1105	11759	58	37	35534	314
305000	50	555	1050	11992	0	4	35579	67
306000	53	580	1120	11767	126	0	36352	0
307000	41	512	1008	11921	187	41	36843	642
308000	71	495	938	11697	459	42	33888	1159
309000	48	474	1034	11678	345	74	35391	1358
310000	55	514	1062	11628	238	112	35336	1071
311000	56	501	1035	11796	164	139	36426	610
312000	61	500	1011	11966	86	102	34849	637
313000	53	559	1029	11904	120	45	35000	478
314000	56	467	1101	11895	89	30	35429	466
315000	48	571	940	11974	165	62	36672	580
316000	50	652	1050	11667	175	64	34921	668
317000	57	578	1084	11637	112	159	35175	761
318000	48	569	1033	11814	90	108	34811	561
319000	46	599	940	11958	90	73	33573	395
320000	68	565	1007	11941	60	6	35597	221
321000	55	575	868	12166	74	4	36278	206
322000	43	602	1093	11931	13	21	36431	92
323000	50	651	1015	11975	3	0	36420	68
324000	55	635	1044	11937	39	6	35834	105
325000	50	648	1067	11869	23	17	35899	119
326000	53	575	1052	11963	16	19	34814	94
327000	43	602	950	12104	32	3	36505	210
328000	56	588	1163	11792	0	0	33910	4
329000	48	568	1117	11771	144	19	35118	399
330000	56	546	922	12044	125	69	36936	574
331000	67	627	1119	11582	169	62	34366	529
332000	58	529	905	11965	231	34	36161	636
333000	40	565	1029	11837	123	53	34600	494
334000	56	630	957	11900	170	23	36814	530
335000	71	567	1020	11781	116	79	34835	518
336000	65	577	1103	11712	40	95	34918	770
337000	71	592	1076	11731	76	91	35249	427
338000	55	579	1032	11804	173	46	33849	390
339000	57	627	954	11898	165	21	36091	513
340000	51	569	979	11938	123	49	34245	390
341000	46	587	1093	11723	67	32	35502	370
342000	54	474	1079	11872	89	83	36419	283
343000	49	586	1050	11698	185	144	34942	767
344000	66	595	866	11798	337	80	33617	1231
345000	74	578	1145	11429	286	91	34946	1081
346000	47	546	961	11769	260	114	34293	954
347000	54	600	1089	11486	224	174	34755	971
348000	58	605	992	11703	181	152	35456	1082
349000	49	506	1148	11691	187	65	35288	862
350000	63	592	1114	11707	123	51	36187	474
351000	50	636	1052	11808	59	65	34946	450
352000	48	642	1031	11881	37	37	33996	131
353000	39	541	924	12156	0	17	36808	92
354000	60	586	1179	11753	4	12	35634	35
355000	45	600	1009	11997	0	0	35210	3
356000	49	511	1061	11949	59	8	35972	179
357000	42	495	1042	11985	94	38	35783	283
358000	38	589	910	12050	108	24	36085	295
359000	60	598	1001	11875	132	65	34425	512
360000	66	551	1100	11747	69	49	34552	341
361000	35	556	1084	11909	75	10	35871	189
362000	57	577	1172	11702	56	17	34603	220
363000	56	559	1043	11852	79	15	35009	294
364000	34	566	1001	12037	63	33	34774	272
365000	70	666	1051	11700	84	41	35013	338
366000	54	545	978	11973	125	8	35368	342
367000	40	643	1164	11516	207	64	34990	613
368000	49	564	1020	11831	141	100	35206	687
369000	54	608	1050	11735	84	94	34880	493
370000	47	562	952	11986	85	86	34609	437
371000	44	562	985	11973	141	8	35962	464
372000	43	515	1090	11851	85	77	35366	472
373000	65	623	994	11858	48	83	34730	306
374000	50	569	1051	11822	93	93	36153	424
375000	53	605	1080	11743	104	42	35317	371
376000	61	607	1158	11637	177	20	33615	570
377000	47	582	961	11785	280	64	34418	907
378000	75	574	983	11638	199	236	34542	1035
379000	51	608	1083	11494	192	188	36161	1066
380000	56	581	990	11600	243	180	35591	1376
381000	60	561	1005	11643	177	213	34901	1167
382000	54	613	1001	11759	79	156	34837	902
383000	52	557	1075	11605	204	182	35773	1227
384000	58	649	985	11667	229	83	35289	821
385000	64	549	1013	11819	154	66	35509	542
386000	60	629	1058	11659	204	69	35141	826
387000	53	596	923	11867	152	135	34921	755
388000	76	538	993	11808	175	107	34023	796
389000	63	569	1010	11775	115	137	35397	772
390000	53	561	944	11878	143	116	34530	786
391000	58	501	988	11741	231	93	36529	729
392000	34	586	1069	11626	186	116	33721	757
393000	46	556	1024	11656	224	163	34564	877
394000	64	563	1029	11561	209	264	34888	1269
395000	34	524	951	11720	253	257	34639	1511
396000	51	523	1069	11456	428	192	32948	1656
397000	59	645	1060	11356	347	179	33717	1429
398000	49	532	1096	11497	371	135	34353	1180
399000	65	601	997	11622	247	156	33593	1301
400000	45	565	1081	11519	249	171	34743	1237
401000	59	502	1179	11235	357	211	34577	1382
402000	60	677	1016	11457	330	107	33998	1193
403000	51	602	1017	11444	256	313	34003	1311
404000	51	620	1063	11409	331	193	34257	1421
405000	59	587	1030	11428	351	202	33829	1633
406000	69	535	930	11386	537	244	34526	2076
407000	56	541	994	11391	489	207	33876	2225
408000	64	573	1048	11296	492	165	32527	1544
409000	57	611	976	11423	448	208	33265	1439
410000	57	640	1068	11174	492	213	32881	2072
411000	49	472	1065	11262	493	261	32946	2162
412000	61	496	938	11416	509	270	33873	1956
413000	80	548	927	11156	845	163	32305	2864
414000	72	516	998	11000	821	319	33774	3026
415000	83	490	934	11119	691	384	32617	2830
416000	89	576	1072	10887	661	344	33263	2488
417000	72	588	1067	10902	753	232	31997	2657
418000	64	543	981	11343	537	240	33882	2312
419000	73	583	1032	11206	554	264	34277	2144
420000	83	564	999	11123	603	322	33414	2342
421000	71	518	1087	11027	656	243	32828	2921
422000	72	524	1100	10775	797	383	32912	2875
423000	61	558	1076	11090	579	265	32314	2856
424000	82	595	984	11242	528	239	33360	2100
425000	80	549	1076	11177	461	290	34668	2055
426000	61	556	1037	11200	464	340	33821	2253
427000	62	567	888	11436	632	202	32540	2348
428000	71	669	1085	11119	469	239	33070	1820
429000	60	494	1011	11375	484	266	35315	1745
430000	67	557	1040	11450	332	242	34970	1768
431000	42	628	1124	11385	246	185	33506	1169
432000	34	567	1085	11644	102	148	34335	831
433000	58	521	1063	11644	178	194	35820	996
434000	52	584	1104	11612	167	81	34397	753
435000	55	631	999	11816	79	78	34414	646
436000	41	523	972	11995	48	154	35718	585
437000	37	597	999	11919	36	90	35331	277
438000	41	586	1081	11848	52	33	34559	243
439000	50	632	983	11968	17	22	34802	99
440000	50	640	1029	11896	14	0	34923	112
441000	53	581	1149	11916	12	1	35922	53
442000	60	594	1141	11725	58	0	36100	83
443000	59	644	1023	11937	27	5	34913	66
444000	46	640	1151	11779	26	11	34437	30
445000	61	574	1159	11678	123	1	35361	216
446000	67	600	1116	11721	95	29	36244	339
447000	54	511	1020	12003	74	43	37313	314
448000	54	571	952	12067	47	13	35851	254
449000	40	624	960	11970	82	2	34577	227
450000	36	553	1164	11781	89	10	36596	237
451000	54	474	1162	11826	36	6	36460	177
452000	44	577	1104	11922	19	2	35532	122
453000	63	563	983	12073	4	0	34731	42
454000	65	593	955	12121	7	0	35779	81
455000	55	590	1000	11963	1	32	35406	136
456000	33	608	1093	11905	2	1	35665	23
457000	66	509	1109	11982	0	0	35735	3
458000	44	576	980	11962	47	25	33820	250
459000	32	580	993	12044	21	14	36037	230
460000	62	571	1074	11856	67	23	35727	120
461000	39	518	1002	12049	110	31	35581	308
462000	63	562	1069	11680	174	55	34871	316
463000	65	602	1113	11534	183	78	35157	655
464000	54	602	1031	11692	151	80	34291	608
465000	33	579	1030	11622	275	155	33373	1044
466000	56	576	1045	11598	314	98	35076	1175
467000	70	558	965	11622	327	121	33630	1149
468000	53	582	1022	11664	239	106	34421	1088
469000	75	525	1141	11543	223	59	34897	734
470000	60	571	1014	11627	326	96	35410	1003
471000	72	511	1041	11476	333	241	32871	1468
472000	53	494	1040	11683	147	232	35215	1132
473000	79	560	1110	11445	218	163	35032	1183
474000	44	581	1052	11602	260	160	34203	982
475000	51	548	1040	11669	213	118	34561	948
476000	51	597	971	11519	252	284	34678	1427
477000	63	578	979	11571	332	156	34410	1255
478000	64	609	1043	11442	306	153	33120	1485
479000	62	569	1071	11655	184	94	36277	852
480000	39	533	1060	11732	150	122	35991	782
481000	85	585	1076	11740	83	38	33862	460
482000	43	590	1112	11772	142	9	36113	487
483000	47	583	1132	11651	154	43	35083	410
484000	59	590	1081	11781	115	16	34734	437
485000	66	546	1079	11905	55	2	34330	145
486000	54	562	1055	11949	29	18	35630	76
487000	41	580	1010	11910	126	38	35774	393
488000	86	583	1016	11799	197	4	36735	415
489000	58	525	1098	11649	196	91	36084	809
490000	50	567	1097	11694	148	64	35905	479
491000	67	576	1034	11796	159	25	35580	431
492000	43	575	987	11972	125	20	34628	479
493000	32	546	919	11969	179	110	35839	599
494000	40	541	992	11870	106	125	36393	421
495000	64	582	1066	11627	107	202	35393	850
496000	46	594	970	11705	217	175	35255	921
497000	41	607	980	11856	96	143	36478	738
498000	30	681	1070	11508	211	99	35271	797
499000	42	518	940	11863	264	87	35001	919
