0	0	0	0	14400	0	0	0	0
1000	273	923	2490	8843	87	11	33369	317
2000	294	765	3431	7509	17	0	31281	135
3000	360	715	3713	6909	0	0	31457	18
4000	450	920	3859	6345	36	0	29819	131
5000	351	829	4132	5868	137	89	28820	413
6000	349	795	3270	7229	171	87	29962	879
7000	496	581	3659	6494	299	58	30080	717
8000	376	525	4065	6043	216	32	28976	691
9000	357	774	3963	6137	238	42	29021	999
10000	384	576	3913	6201	368	6	29321	939
11000	490	513	3922	6177	264	74	28727	979
12000	339	650	3628	6663	310	55	29891	926
13000	452	607	3759	6214	520	33	28646	1518
14000	314	750	3814	6338	277	21	30381	1057
15000	402	617	3937	5978	363	42	28832	1230
16000	436	883	4017	5527	524	48	26883	1536
17000	543	776	3864	5677	430	107	29188	1578
18000	287	603	3769	6184	666	56	28129	1724
19000	471	675	3217	6819	629	156	28570	2239
20000	398	660	3473	6424	653	174	29241	2563
21000	452	497	4358	5083	611	74	27054	2211
22000	605	535	4155	5002	761	1	26169	1810
23000	408	502	4515	4834	510	12	26491	1431
24000	473	534	4083	5435	670	4	27702	1996
25000	326	748	3613	6241	868	20	28765	2395
26000	325	535	3550	6769	544	17	29569	1342
27000	548	382	3926	5928	553	16	28114	1961
28000	470	590	4096	5542	545	51	28626	1793
29000	405	689	4145	5421	382	92	26146	1277
30000	539	499	4247	5432	376	12	28530	1275
31000	512	646	3411	6519	597	151	28479	1946
32000	451	578	3793	5960	638	80	28879	2446
33000	379	617	4197	5799	222	46	28275	1219
34000	384	554	4278	5960	119	2	28513	453
35000	432	439	4246	5732	214	3	29118	683
36000	383	722	3954	6212	279	7	28509	881
37000	526	696	4004	5875	130	17	28536	409
38000	427	580	3976	6210	244	0	29583	726
39000	403	680	3530	6986	139	0	30018	655
40000	422	591	4439	5435	12	79	28286	211
41000	703	546	4077	5368	90	176	26378	809
42000	304	517	3869	6728	98	90	30062	463
43000	452	620	4223	5520	216	47	29386	450
44000	518	741	3792	6381	95	33	28435	409
45000	422	570	4098	6022	101	58	27901	336
46000	448	481	4485	5250	102	40	28916	703
47000	369	515	4645	5384	21	0	28959	135
48000	400	559	4268	5856	0	0	27941	1
49000	454	683	3838	6368	79	0	29022	111
50000	504	655	3972	6222	0	0	29685	47
51000	399	680	3795	6703	67	11	30885	202
52000	432	633	3876	6529	6	1	29975	156
53000	355	710	3969	6295	51	0	30032	25
54000	438	613	3989	6368	0	0	30797	12
55000	267	753	3524	7262	55	0	30216	195
56000	414	804	3700	6776	0	0	30588	1
57000	497	538	3926	6333	70	8	29490	222
58000	242	724	3725	7021	122	0	29571	264
59000	280	641	3681	7074	152	9	29452	433
60000	366	812	3526	7062	23	20	31162	70
61000	301	859	3527	7145	0	0	31080	4
62000	367	677	3549	7177	53	0	30336	280
63000	411	543	4184	6170	0	0	29211	10
64000	619	608	4165	5385	151	0	28457	226
65000	439	627	4244	5831	0	0	29767	60
66000	464	676	3788	6549	51	0	28503	55
67000	419	654	3644	6842	31	0	31052	253
68000	359	692	3418	7436	0	0	31066	8
69000	494	557	3872	6498	0	0	29314	1
70000	403	650	3910	6275	191	0	29927	296
71000	528	541	4800	4651	28	0	26774	211
72000	413	602	4938	4629	0	0	27461	15
73000	412	333	4866	4843	64	0	27409	97
74000	456	646	4146	5955	7	0	28686	4
75000	385	461	4107	6373	22	11	30087	221
76000	547	682	4008	5901	9	2	29662	55
77000	448	474	4150	6037	7	0	30639	60
78000	329	752	3645	6993	29	0	30990	25
79000	414	587	4275	5824	0	0	29174	7
80000	264	591	4110	6352	40	0	29746	86
81000	389	604	3642	7089	0	0	30248	9
82000	375	795	3809	6627	0	0	30013	6
83000	490	850	3366	6958	101	4	28917	405
84000	514	348	4336	5361	298	7	28778	1026
85000	464	635	4162	5301	473	2	27493	1238
86000	377	596	4178	5659	424	46	28136	1374
87000	510	535	4240	5270	323	211	27079	1509
88000	369	541	4054	5718	576	58	28113	1880
89000	501	595	3800	5769	676	74	27923	1947
90000	377	657	4477	4874	470	93	26855	1543
91000	510	464	4036	5286	950	25	26060	2435
92000	360	684	4000	5516	928	34	28040	2639
93000	461	513	4199	5210	664	160	26527	2762
94000	431	662	3765	6125	613	57	27790	1946
95000	324	981	3653	5937	718	52	27600	2383
96000	450	738	3488	6291	683	258	27219	2468
97000	333	610	3317	6599	683	401	28740	2907
98000	392	703	3417	6113	612	655	28133	3699
99000	438	583	3834	5727	825	187	27213	3181
100000	355	474	4119	5147	1031	101	25837	2985
101000	428	480	4095	4980	1059	237	25855	3417
102000	443	475	4178	4651	1160	270	25157	4090
103000	584	535	3538	5364	1114	471	25204	3901
104000	518	694	3563	5319	988	459	25479	4002
105000	603	584	4004	5061	851	120	25415	3396
106000	471	511	3679	5938	791	147	26962	2742
107000	429	451	4564	4900	498	55	27371	1576
108000	507	508	4817	4091	497	0	25993	1348
109000	508	406	5002	4004	332	31	25745	1059
110000	539	384	4589	4504	605	17	26126	1494
111000	440	696	3931	5504	733	28	27848	2106
112000	413	598	3996	5485	851	25	27847	2207
113000	478	718	3620	5602	1093	94	26962	2658
114000	444	563	4053	5228	865	83	27005	3378
115000	371	678	4178	5312	609	150	26829	2591
116000	404	589	4223	5452	256	275	28001	1318
117000	557	521	4006	5715	211	151	28777	1146
118000	462	723	3632	6166	431	166	28829	1606
119000	395	665	3643	5884	914	32	28555	1924
120000	410	850	3214	6715	847	77	28572	2651
121000	430	581	3619	6382	557	119	29487	1439
122000	383	666	3536	6200	901	92	27195	2861
123000	458	562	3919	5536	815	202	26404	3218
124000	406	552	3825	5540	962	289	27140	3563
125000	424	547	3792	5575	863	247	25888	3896
126000	510	559	3532	5531	1182	245	25887	4175
127000	454	448	3688	5494	1350	240	26092	4221
128000	336	512	3692	5947	958	280	28458	3879
129000	367	587	4122	5786	410	77	28278	1309
130000	418	569	3934	6088	381	21	29284	1471
131000	524	494	3990	5958	282	45	28772	716
132000	362	532	4328	5849	70	39	29515	642
133000	335	574	4038	6505	0	11	30090	13
134000	392	806	3425	7297	53	0	30964	26
135000	312	748	3565	7258	0	0	30834	28
136000	317	692	3675	7092	0	0	29689	1
137000	393	827	3573	6870	115	6	29001	339
138000	538	833	3919	5847	119	6	27713	416
139000	354	671	4239	6002	42	0	28821	211
140000	481	675	4200	5711	76	0	28874	302
141000	408	510	4225	5862	106	37	31016	291
142000	295	695	4423	5762	0	0	29491	11
143000	451	411	4495	5450	0	0	29342	8
144000	423	588	4306	5794	0	0	28854	1
145000	403	564	4344	5685	192	1	29028	431
146000	272	523	3881	6423	525	0	30660	1257
147000	400	443	3657	6667	417	19	29855	1431
148000	437	676	3298	7275	269	42	30190	679
149000	395	744	3828	6096	404	98	29272	1114
150000	341	600	3926	5889	601	36	29167	1493
151000	312	742	4127	5450	668	182	28545	2361
152000	446	585	3848	6233	354	195	28277	1731
153000	318	653	3809	6011	587	180	27849	2380
154000	412	627	3549	6279	575	308	29621	2638
155000	396	715	3551	6221	701	197	28405	2696
156000	543	536	3774	5823	596	277	28030	2610
157000	528	747	3738	5861	624	86	26722	1921
158000	526	465	4274	5236	361	112	28056	1638
159000	431	459	4393	5366	119	116	28840	968
160000	628	459	4786	4205	24	77	26153	416
161000	583	673	4397	5128	0	0	27696	10
162000	483	594	4261	5789	44	0	28216	144
163000	405	578	4226	5843	54	0	29350	138
164000	453	606	3592	7113	59	0	30277	263
165000	413	545	4073	6289	20	0	28756	126
166000	377	694	3818	6631	0	0	29909	2
167000	410	474	3944	6497	47	3	30129	78
168000	446	718	3711	6632	2	0	29724	92
169000	436	712	3953	6250	0	0	29337	1
170000	300	590	4117	6210	65	0	29448	175
171000	397	586	4123	6034	188	0	28135	471
172000	440	665	3802	6530	93	0	30025	496
173000	372	746	3577	6999	81	42	31103	143
174000	405	611	3772	6584	213	7	29949	815
175000	376	514	3502	7024	340	2	30650	931
176000	341	676	3563	6925	111	34	30616	511
177000	468	528	3835	6328	256	51	29032	843
178000	348	692	3398	7149	303	1	29318	1084
179000	357	787	3524	6725	434	37	29160	1118
180000	255	562	4124	5896	518	1	28646	1565
181000	376	595	3727	6375	533	0	27959	1918
182000	486	459	4114	5629	439	41	28331	1362
183000	423	421	4534	5130	233	112	27398	1166
184000	556	375	4562	4761	402	60	27056	1107
185000	480	656	4035	5517	663	12	26888	1612
186000	409	478	4166	5255	739	88	25951	2799
187000	675	492	4380	4535	885	84	25843	2601
188000	618	502	4419	4460	682	93	25669	1851
189000	558	505	4486	4180	862	190	24385	3083
190000	424	769	4838	3804	661	48	24732	2332
191000	587	504	4742	3793	620	180	24721	2229
192000	433	423	4908	4015	485	193	24801	1994
193000	483	728	4253	5144	308	197	26277	1340
194000	641	531	3964	5413	221	372	26449	1516
195000	435	496	4390	5181	430	55	28040	1626
196000	410	498	4678	5108	118	3	27552	406
197000	373	479	4339	5366	520	0	28909	1565
198000	517	622	3863	5833	649	51	28138	2007
199000	401	673	3656	6328	638	13	29812	1380
200000	356	597	3548	6302	854	90	28065	2100
201000	525	793	3639	5987	606	105	27843	2325
202000	401	623	3584	6760	328	44	29635	1659
203000	362	551	3371	6997	533	104	29706	1473
204000	387	630	3647	6658	348	37	29136	1118
205000	493	690	3868	5981	430	56	28597	1300
206000	492	570	3862	5834	425	185	27282	1785
207000	283	751	3924	5958	439	108	29653	1334
208000	479	724	3554	6448	324	97	29288	1387
209000	415	577	3800	6120	512	49	28202	1293
210000	396	562	3809	6002	570	137	28937	1639
211000	494	617	3973	5452	614	205	27156	2291
212000	437	551	3772	6310	502	76	28693	1513
213000	529	537	3889	5629	847	87	27926	2231
214000	292	524	4196	5733	573	89	27948	1981
215000	559	477	4073	5046	801	126	26893	2655
216000	412	784	3937	5921	378	32	28392	1284
217000	317	726	3630	6427	626	115	28325	2257
218000	433	603	3704	6121	782	134	27323	3186
219000	447	394	3616	6037	1033	158	28107	3037
220000	529	728	3275	6469	701	94	28853	3011
221000	390	763	3270	6779	548	167	29324	2265
222000	386	627	3618	6536	376	222	29478	1643
223000	295	795	3371	6931	506	182	29744	1871
224000	567	686	3248	6239	965	205	27092	3097
225000	401	573	3532	6015	916	238	29140	2964
226000	355	631	3585	6116	989	118	27868	2784
227000	491	513	3761	5703	953	154	27958	3763
228000	381	484	3749	5843	874	285	27019	2959
229000	355	593	3374	6848	595	179	30317	2347
230000	400	517	3887	5979	505	239	28346	1808
231000	385	587	4129	5462	335	408	29222	1999
232000	360	713	3843	5804	696	170	27921	2529
233000	356	564	3793	6187	620	162	29162	2085
234000	362	614	3942	5748	585	292	28408	2668
235000	424	498	3763	6012	807	115	26870	2077
236000	490	604	3747	5716	776	212	26999	2865
237000	414	585	4122	5614	412	209	27673	2191
238000	473	482	4225	4968	726	274	26100	2412
239000	532	433	4260	5081	585	99	26679	2463
240000	454	506	4421	4390	928	197	25026	3387
241000	585	549	4219	4671	759	237	24678	2895
242000	506	699	3383	5988	775	566	27863	3587
243000	348	649	3869	5792	605	357	27896	3172
244000	560	550	3567	5937	890	43	27783	3037
245000	648	589	3842	5033	1017	149	26016	3498
246000	330	396	4166	5094	1158	170	27064	3488
247000	420	629	3879	5063	1236	299	25578	4240
248000	411	477	3778	5539	1185	78	26730	3967
249000	307	544	4201	5279	975	107	27706	2906
250000	422	523	3526	5998	1051	214	27253	3329
251000	377	596	3581	6004	934	264	27331	3891
252000	307	715	3862	5661	757	271	27846	3026
253000	443	636	3483	6059	901	278	27732	2991
254000	498	478	4147	5074	940	85	25725	3385
255000	603	663	3546	5863	692	250	27152	3108
256000	392	551	3825	5646	967	187	26983	3189
257000	517	436	3732	5809	865	150	27313	3068
258000	461	481	3365	6390	947	157	27926	3259
259000	510	480	3597	5664	1036	290	27121	3845
260000	497	700	4130	4975	669	135	26185	2421
261000	481	683	4100	4986	974	113	26697	3217
262000	393	491	4356	4703	979	139	26535	3172
263000	462	528	4222	5042	578	121	26161	2596
264000	531	562	3817	5786	586	175	26739	2565
265000	516	590	3939	5315	1008	69	26297	3339
266000	669	554	3607	5707	786	38	26460	2745
267000	380	674	3816	5794	856	122	27486	2831
268000	434	751	4244	5023	618	279	28204	2696
269000	445	591	3620	6082	769	219	27259	2392
270000	362	647	3762	6067	547	152	29015	2179
271000	440	612	4156	5223	681	184	27356	2306
272000	486	654	4353	4160	1016	174	25617	3124
273000	514	543	4925	3114	1198	167	22145	4098
274000	554	552	4534	3437	1339	359	22910	5059
275000	431	386	4255	4079	1677	293	24058	5485
276000	573	552	3923	4218	1514	512	25456	5369
277000	552	445	4001	4144	1730	473	22857	6126
278000	566	349	3567	3878	2674	582	23320	8760
279000	488	491	3458	4097	2653	576	22170	9546
280000	504	409	3524	3969	2761	598	20883	8993
281000	530	440	3462	4255	2606	416	22561	9479
282000	781	414	3289	3826	2865	398	21297	9118
283000	585	462	3993	3394	2668	205	20889	8796
284000	524	442	3824	3784	2579	306	22051	8337
285000	453	530	3777	4357	2109	353	23305	6974
286000	510	414	3563	4291	2583	308	22135	7937
287000	483	549	3835	4461	1771	421	23059	7192
288000	554	430	3958	4535	1658	198	24314	5202
289000	453	540	4328	4613	1022	157	24311	4355
290000	286	523	4301	4989	860	273	26895	3118
291000	464	509	4085	5364	648	156	27321	2370
292000	669	675	3512	5327	1151	234	25957	3887
293000	460	650	3618	5446	1219	222	26742	3977
294000	370	740	3652	5962	947	87	27160	3178
295000	512	655	3803	5518	969	21	27380	2578
296000	452	541	3510	5991	1174	39	26537	3688
297000	522	658	3226	5895	1447	116	27009	4008
298000	368	511	3217	6160	1472	269	27051	5467
299000	521	572	2886	5748	2079	359	24061	6764
300000	362	744	3335	5642	1711	193	25416	5875
301000	575	601	3658	4948	1606	231	25966	4981
302000	413	390	4233	4421	1481	233	24934	4786
303000	648	383	4213	3547	1891	196	23789	5308
304000	417	231	4283	3702	2176	280	22508	6649
305000	696	447	4255	3556	1675	337	22799	5961
306000	564	505	3815	4022	2024	481	21798	5923
307000	491	557	3674	4316	2206	336	21898	7580
308000	515	570	3410	4578	2316	318	23506	7593
309000	460	311	3828	4438	1987	385	24230	7546
310000	436	386	4152	4174	1989	111	24276	6453
311000	582	375	3795	4172	2017	406	23554	6359
312000	585	334	3876	3858	2080	543	23713	8583
313000	600	445	3659	4370	1980	372	23711	6121
314000	461	475	3609	5166	1811	137	24896	6776
315000	407	485	4231	4506	1302	172	25412	3906
316000	502	415	4112	4522	1313	418	24902	5021
317000	488	540	3965	4246	1288	616	25433	4376
318000	419	456	3817	4790	1502	483	24860	5599
319000	610	561	3525	5132	1348	474	25846	5350
320000	465	409	4072	4150	1978	179	23772	6048
321000	553	508	3329	4617	2506	321	23673	7543
322000	469	250	4009	3319	2955	274	21298	9171
323000	594	323	3972	3038	3085	246	20279	9364
324000	562	220	4002	3609	2700	96	21457	7880
325000	606	347	4556	2564	2347	206	20645	8485
326000	682	269	4331	2814	2541	187	18788	8255
327000	600	138	4456	2380	2962	177	19533	10251
328000	708	283	4266	2190	3311	103	18352	9118
329000	751	303	4241	2093	3344	216	18956	9886
330000	772	147	4324	1587	3637	314	16398	11302
331000	671	417	4046	2020	3568	405	18100	12102
332000	675	274	4235	2317	2956	450	18075	11799
333000	600	187	3851	2156	4381	194	17405	12973
334000	585	180	4308	1509	4085	314	16085	13525
335000	880	171	3645	1936	4516	103	17312	11519
336000	862	266	3704	1727	4539	206	16432	13869
337000	719	98	3939	1582	4604	234	15522	14209
338000	740	172	4089	1284	4616	142	16512	13457
339000	698	125	3847	1338	5100	121	15469	13321
340000	747	119	3920	1732	4622	46	15073	13427
341000	607	273	3794	2010	4585	30	16799	12429
342000	699	165	3960	1914	4505	67	16075	13361
343000	622	257	4004	1829	4377	120	17811	12809
344000	775	223	4198	1951	3600	110	17093	10488
345000	807	181	3659	2344	4030	277	18563	11505
346000	544	251	3944	1803	4368	453	17401	14097
347000	645	210	3992	2144	3702	399	17801	12718
348000	499	353	3444	2532	4372	727	17966	13466
349000	641	390	3502	2262	4224	517	17269	13491
350000	714	308	3952	2256	3492	409	17827	12358
351000	659	315	3728	2711	3535	366	17818	12362
352000	681	345	3994	2516	3202	332	19802	9900
353000	520	328	4221	2646	3194	360	19436	11526
354000	697	384	3634	2799	3569	441	18893	11084
355000	648	370	3541	2989	3626	358	19516	11170
356000	579	302	3823	3017	3177	508	20496	11143
357000	625	270	3597	3289	3207	511	19187	12050
358000	562	251	3716	2768	3727	428	19490	11953
359000	698	242	3849	2600	3553	280	17672	11080
360000	576	243	3858	2999	3301	382	20404	11248
361000	597	462	3387	3051	3837	373	19697	12470
362000	795	384	3787	2760	2933	490	19909	10613
363000	690	173	4200	1987	3832	143	18675	11905
364000	589	186	4379	2008	3404	156	20240	9755
365000	708	219	4132	2594	3203	133	20283	9921
366000	709	331	3412	3175	3414	528	20634	11201
367000	556	532	3502	3568	3221	353	20002	10087
368000	582	477	3604	3818	2650	382	22330	8036
369000	524	385	3760	3215	3048	455	20350	10146
370000	761	353	4134	1823	3476	448	18597	10772
371000	620	180	4252	1902	3740	288	17570	11497
372000	758	237	3954	2175	3784	228	17460	12520
373000	802	309	3727	2271	3866	303	17286	11955
374000	738	288	3544	2709	3908	228	18127	13445
375000	728	232	3595	2068	4688	127	15897	14290
376000	701	238	3880	1700	4522	71	16016	13511
377000	737	100	3785	1435	5067	240	15056	14791
378000	652	116	4080	893	4953	318	14363	16469
379000	714	65	3905	1077	5208	166	14430	15913
380000	790	64	4025	770	5193	76	14488	15563
381000	913	169	3502	790	5902	244	12707	17187
382000	666	146	3317	1054	6244	363	12512	19127
383000	879	110	3236	983	6170	461	11682	18267
384000	645	147	3793	610	5508	466	13387	17141
385000	747	78	3748	646	5397	560	12776	17316
386000	641	48	3766	1019	5512	349	14226	16679
387000	669	67	3568	1066	5959	213	14494	17172
388000	660	107	4022	1165	4939	183	15416	14890
389000	673	84	4019	1163	5174	218	14848	14275
390000	745	112	3437	1250	5590	404	13700	16789
391000	640	172	3456	1003	5786	587	13266	18718
392000	860	195	2767	1029	6498	592	10875	19645
393000	712	175	3331	1386	5769	380	13076	19108
394000	900	178	3310	1042	5849	312	12475	17327
395000	721	179	3238	817	5965	767	12078	18703
396000	595	190	2818	1052	7008	444	11164	20272
397000	720	155	3085	657	6916	292	10501	20626
398000	735	82	3188	518	7048	265	11293	18803
399000	772	109	3177	646	7002	148	10479	21048
400000	590	61	3445	400	7111	71	10601	19893
401000	684	59	3768	464	6359	23	12571	18963
402000	619	29	3827	587	6198	82	12216	19176
403000	946	36	3981	394	5474	72	11667	16895
404000	689	34	3882	361	6194	75	12459	19177
405000	876	26	4199	330	5293	30	12172	16262
406000	768	35	3843	406	6094	4	12758	16964
407000	769	2	3849	302	6269	0	11929	17446
408000	747	71	3999	336	5906	44	12501	16719
409000	935	81	3848	495	5441	180	12671	16432
410000	775	27	3898	642	5751	47	13069	17266
411000	696	70	4286	346	5394	6	13404	15971
412000	719	65	4228	150	5516	142	12485	17006
413000	833	61	3982	201	5972	7	11437	17229
414000	847	43	3801	89	6263	180	11887	17929
415000	1070	27	3407	179	6515	141	10547	18419
416000	819	24	3086	94	7661	122	9323	21244
417000	794	0	3872	92	6281	34	11498	19623
418000	943	12	3808	307	6080	16	11430	17090
419000	810	21	3720	310	6341	0	10634	18851
420000	951	0	4083	206	5567	30	11119	16506
421000	748	5	4164	229	5728	2	13027	16902
422000	848	11	4081	266	5690	4	11652	16401
423000	898	14	4450	106	4973	0	13068	14731
424000	1002	12	4410	322	4598	14	13240	13331
425000	1050	70	4355	257	4577	33	13604	12348
426000	900	34	4144	263	5322	81	13059	15048
427000	817	34	3945	576	5628	6	13041	15660
428000	915	131	3612	731	5705	23	12852	17429
429000	614	76	4121	750	5635	29	12963	16018
430000	878	124	3854	612	5543	67	13923	16299
431000	902	105	3272	1248	5934	126	14115	16507
432000	693	117	3428	962	6219	221	12752	18819
433000	730	63	3596	842	6043	185	13450	17325
434000	720	162	3555	1055	5856	120	12595	18649
435000	712	68	3591	1068	5897	229	13205	17558
436000	669	113	3713	1183	5651	178	13570	18072
437000	810	183	3903	907	5218	44	14144	15984
438000	670	28	3881	615	5873	271	13187	17103
439000	721	28	3837	443	6152	75	13434	18145
440000	689	70	3859	544	5884	180	12301	17854
441000	744	28	4225	435	5318	83	13543	15648
442000	687	20	4137	407	5496	201	12689	17009
443000	719	71	4585	694	4509	65	14561	14074
444000	721	63	4089	561	5392	229	13705	15022
445000	732	61	3669	516	6204	180	13614	17143
446000	906	62	3564	473	5966	210	11627	18230
447000	773	135	3577	792	5662	363	12680	17173
448000	785	186	3487	1048	5954	167	11945	17454
449000	699	168	3416	947	6194	256	12794	17260
450000	877	119	3940	989	5133	37	14026	15823
451000	745	147	3561	1075	5753	133	13793	16532
452000	771	92	3743	1282	5226	74	13523	16364
453000	614	214	3848	1393	5048	114	15349	14662
454000	714	153	3693	1588	5018	278	14506	15171
455000	743	198	3631	1539	4925	296	15652	13739
456000	700	205	3843	1324	4979	285	14436	13992
457000	793	144	3807	1358	4767	445	15135	13800
458000	685	103	3669	1649	4986	248	14758	15896
459000	761	155	3672	1417	5143	208	14709	15470
460000	613	188	3241	2271	5218	260	16031	15690
461000	506	161	3691	2344	4787	192	16933	14550
462000	732	277	3384	2480	4499	374	17091	13138
463000	679	417	3761	2738	3502	305	17563	11651
464000	517	409	3626	3123	3588	343	18405	11116
465000	803	393	3300	3170	3640	469	18041	11621
466000	818	431	3480	2902	3225	346	17933	11177
467000	409	243	4088	2757	3137	645	19089	11028
468000	530	507	4153	2567	2844	375	19646	10043
469000	340	259	4609	2442	3106	177	19877	9747
470000	613	205	4429	2995	2331	76	21115	7027
471000	786	237	4754	1686	2826	108	19118	8356
472000	702	197	4356	2128	3301	132	17896	9756
473000	737	170	4398	1916	3362	82	17459	9905
474000	483	289	3641	2674	4119	306	19245	12197
475000	669	219	3809	2432	3935	293	17447	12246
476000	729	261	4086	2309	3533	228	17351	11453
477000	597	221	4124	2475	3325	205	18428	10555
478000	586	265	4384	2101	3474	193	18545	10405
479000	729	104	4437	2187	3218	162	18153	9498
480000	581	355	4030	1542	4382	266	16686	13082
481000	741	256	3698	1763	4392	443	17264	12395
482000	551	188	3289	2710	4675	328	15876	14272
483000	665	270	3666	2373	3968	452	17501	12680
484000	637	275	3358	2394	4685	422	17464	14564
485000	729	353	3583	2663	3727	384	17671	12491
486000	605	188	4098	2327	3664	276	19416	10631
487000	744	269	4171	2085	2792	693	17256	10246
488000	665	329	3734	2928	3444	345	19477	11006
489000	662	352	3586	3002	3292	594	19434	9980
490000	631	251	4094	3179	2640	502	19880	11048
491000	622	329	3903	2523	3223	619	19622	10367
492000	603	211	4309	2555	2955	344	19003	10143
493000	658	192	4173	3525	2418	128	21797	7440
494000	472	413	4013	3815	2328	259	22486	7254
495000	556	455	4127	2928	2808	178	20756	8276
496000	510	415	4065	3593	2621	87	22215	7636
497000	498	334	4316	3206	2566	49	22430	7780
498000	763	242	4066	2666	2922	195	19979	8228
499000	544	265	3933	2661	3675	241	18833	11490
