0	0	0	0	14400	0	0	0	0
1000	13	648	289	13095	50	16	35752	222
2000	15	637	253	13115	52	31	36588	273
3000	10	608	338	13040	20	39	36314	196
4000	17	597	283	13172	21	6	37678	147
5000	21	632	271	13079	55	35	37413	191
6000	6	616	285	13071	75	28	38316	382
7000	18	587	283	13147	38	29	37631	173
8000	12	610	276	13110	33	24	37485	128
9000	14	604	279	13128	23	46	36978	178
10000	16	593	280	13178	11	22	37254	108
11000	20	560	288	13215	31	0	35646	73
12000	24	603	270	13150	19	0	37459	17
13000	14	638	260	13198	6	5	35682	41
14000	21	680	265	13127	2	6	36498	52
15000	16	608	289	13172	2	22	36578	80
16000	11	593	229	13253	2	5	35805	14
17000	16	646	250	13175	0	4	36913	4
18000	12	559	288	13213	5	0	36973	0
19000	20	631	324	13059	42	18	35951	264
20000	12	625	281	13122	22	10	38341	83
21000	15	605	248	13251	14	0	36547	95
22000	12	577	243	13270	6	4	37296	54
23000	17	635	268	13160	0	11	35919	29
24000	11	605	246	13128	121	2	34887	251
25000	12	651	289	13059	47	24	36477	195
26000	10	639	227	13190	15	40	36269	90
27000	9	642	314	13051	32	21	37115	164
28000	13	648	317	13068	31	11	36870	86
29000	9	624	287	13157	10	2	36802	77
30000	10	605	287	13186	0	8	36178	26
31000	20	612	321	13097	0	3	36679	2
32000	17	633	308	12974	91	25	35288	339
33000	11	620	290	13059	88	26	37486	456
34000	11	618	259	13164	39	31	36964	309
35000	9	557	345	13140	13	18	37705	104
36000	3	618	286	13124	20	31	37007	177
37000	22	631	297	13066	38	15	36798	77
38000	16	529	301	13113	76	46	35952	287
39000	13	574	271	13093	69	53	36609	323
40000	16	609	308	12990	51	89	37835	387
41000	18	587	303	13140	27	21	36793	146
42000	14	605	304	13032	53	87	37610	347
43000	17	657	300	13054	33	24	36753	181
44000	16	608	303	13143	13	7	37121	48
45000	14	628	272	13131	27	4	36691	53
46000	17	631	283	13104	52	26	35984	246
47000	12	623	311	13033	79	17	36704	313
48000	25	606	282	13057	103	11	37966	401
49000	9	584	310	13076	84	15	37909	428
50000	16	579	295	13084	76	29	36639	165
51000	8	656	301	13054	83	24	37215	403
52000	16	638	270	13089	36	34	36216	217
53000	19	584	263	13135	39	27	36692	232
54000	12	626	293	13075	51	17	35283	197
55000	17	662	305	13063	24	21	36122	130
56000	9	610	287	13146	31	13	37458	204
57000	9	588	248	13242	15	20	35610	63
58000	14	593	290	13144	0	8	37200	44
59000	9	620	251	13204	14	5	36715	17
60000	14	615	286	13161	10	0	37484	13
61000	20	606	280	13175	0	6	36842	1
62000	10	622	292	13148	0	0	36135	11
63000	17	584	295	13131	32	7	36941	207
64000	9	699	303	12969	52	15	35506	195
65000	20	629	312	12991	76	34	36357	342
66000	15	679	269	13055	34	44	36378	217
67000	8	657	309	13079	30	30	36047	243
68000	19	622	281	13088	27	12	36249	67
69000	16	633	285	13106	18	9	36647	71
70000	17	536	300	13205	16	18	37274	128
71000	14	600	280	13182	36	5	37072	107
72000	16	567	254	13256	19	5	38083	101
73000	17	671	247	13097	44	13	36785	124
74000	17	636	286	13094	58	17	36432	240
75000	10	601	280	13134	62	16	35377	260
76000	11	605	265	13087	78	49	36481	348
77000	17	591	269	13158	64	30	38050	308
78000	16	584	313	13106	35	19	36687	215
79000	10	619	263	13149	35	38	36526	171
80000	16	665	282	13108	22	5	35411	56
81000	7	617	275	13166	3	11	36630	61
82000	11	644	272	13066	25	38	37259	79
83000	11	618	273	13131	31	39	36769	279
84000	15	573	302	13103	12	39	37444	180
85000	16	663	273	13080	19	25	36203	61
86000	13	619	285	13179	16	5	37224	12
87000	18	623	304	13062	25	13	37454	58
88000	18	537	325	13114	22	19	37819	171
89000	27	587	277	13155	31	11	36503	121
90000	15	605	312	13106	34	14	35791	155
91000	11	616	295	13122	13	5	37832	68
92000	14	580	267	13221	8	5	36485	52
93000	12	619	258	13148	41	1	36425	154
94000	11	575	274	13183	41	26	36666	130
95000	18	583	259	13152	74	24	37035	179
96000	14	634	288	13019	71	39	37651	374
97000	10	628	284	13089	69	37	35814	370
98000	19	612	312	12995	66	62	36373	241
99000	7	616	258	13085	78	72	35794	419
100000	15	593	284	13051	121	28	37044	475
101000	12	551	259	13130	72	97	36411	503
102000	11	559	280	13039	101	116	35954	598
103000	15	571	284	13044	69	109	35321	539
104000	15	582	295	13005	117	81	35023	661
105000	15	640	245	12993	89	82	36264	511
106000	14	628	273	13073	72	62	35906	236
107000	10	634	275	13013	103	69	37245	483
108000	11	586	254	13072	88	78	34876	537
109000	14	663	271	12913	123	102	36178	593
110000	15	675	240	12963	128	58	35569	413
111000	17	554	285	13070	104	71	37098	488
112000	13	596	277	13079	96	41	36524	329
113000	14	567	292	13110	87	24	36062	242
114000	15	582	288	13127	59	13	36440	92
115000	14	630	252	13108	87	22	36806	327
116000	9	604	269	13067	136	17	35364	447
117000	11	563	259	13129	104	13	36991	277
118000	16	572	271	13116	93	27	36541	380
119000	20	613	271	13057	122	25	36774	483
120000	16	580	252	13136	102	28	37368	382
121000	17	579	299	13087	76	56	36957	472
122000	14	599	277	13035	83	89	35524	513
123000	17	691	292	12855	108	77	36550	666
124000	15	645	289	12903	143	85	36631	503
125000	14	563	292	12981	145	106	37050	763
126000	12	546	270	13051	157	82	37518	578
127000	14	679	295	12845	181	67	35710	626
128000	15	590	276	12949	167	104	35080	633
129000	13	640	256	12963	152	66	35060	717
130000	14	637	289	12941	124	98	36214	514
131000	13	608	265	12984	145	98	35397	723
132000	10	544	290	12993	120	113	37199	761
133000	6	636	294	12934	96	111	36809	485
134000	11	620	279	13047	80	80	36310	582
135000	7	640	297	12983	98	52	36451	360
136000	8	543	270	13142	93	72	36238	577
137000	10	605	288	13069	66	59	37021	315
138000	8	655	275	12982	128	50	36526	461
139000	16	601	291	13060	100	38	36990	357
140000	20	695	311	12889	118	44	36109	298
141000	15	590	301	13010	152	18	37793	456
142000	14	628	308	13009	96	13	35433	275
143000	10	613	296	13043	104	41	35304	293
144000	18	626	298	12985	102	47	36331	434
145000	9	600	251	13066	112	61	35970	444
146000	16	648	290	12925	172	33	36643	410
147000	15	590	289	13034	118	35	37637	417
148000	18	610	312	12970	153	39	34984	565
149000	16	547	311	12993	134	75	37674	602
150000	19	651	274	12961	111	56	35483	446
151000	13	565	279	13091	107	29	38393	367
152000	8	615	299	12980	136	61	34830	444
153000	16	677	259	13033	95	22	36648	355
154000	15	576	256	13175	93	19	36780	195
155000	18	644	292	13021	96	33	38107	296
156000	18	584	290	13116	54	35	35980	240
157000	20	634	270	13082	51	38	35292	321
158000	15	590	316	13060	60	33	35441	352
159000	20	560	298	13072	59	49	36766	207
160000	15	602	318	13068	53	34	35934	127
161000	18	612	263	13144	18	23	37444	192
162000	11	610	284	13139	21	5	36180	102
163000	10	604	270	13201	17	5	36472	110
164000	9	569	243	13243	17	19	36576	121
165000	13	637	294	13064	34	24	37150	157
166000	12	570	309	13151	14	11	38473	88
167000	11	617	326	13043	38	15	34904	132
168000	11	609	251	13136	47	20	36781	140
169000	6	636	284	13121	29	19	37524	105
170000	11	577	264	13178	56	7	38250	131
171000	23	657	286	13077	33	7	36067	125
172000	10	647	300	13114	18	7	35512	47
173000	16	608	285	13203	0	0	36282	14
174000	11	560	308	13123	61	22	36594	204
175000	8	599	316	13067	17	53	37339	185
176000	24	621	306	13011	34	68	36905	171
177000	11	680	294	12921	68	112	37036	466
178000	18	598	250	13021	86	143	36322	689
179000	14	640	263	12909	91	198	35919	828
180000	21	579	328	12946	95	74	37225	569
181000	21	605	303	13006	100	39	36611	288
182000	16	557	253	13092	136	45	35732	486
183000	17	666	274	12986	85	55	36470	450
184000	20	671	270	13011	67	23	35294	222
185000	11	589	305	13059	81	42	36829	399
186000	22	595	307	13006	94	26	36814	277
187000	12	582	266	13125	87	14	35701	348
188000	6	624	290	13096	36	18	36831	180
189000	8	615	274	13082	79	34	36228	385
190000	16	609	281	13125	30	36	37774	289
191000	13	600	319	13081	30	60	35688	164
192000	12	612	293	13096	43	47	35964	262
193000	24	587	281	13108	33	46	38715	183
194000	8	720	286	12992	20	58	36872	203
195000	23	646	265	13015	73	44	35052	316
196000	11	612	294	13089	48	44	36182	327
197000	13	647	274	13070	92	24	35545	362
198000	5	585	258	13160	84	15	36823	364
199000	12	611	285	13091	39	25	36998	150
200000	10	647	272	13120	5	28	36763	86
201000	10	572	250	13271	6	3	36770	15
202000	17	590	259	13227	14	0	36264	48
203000	12	666	251	13186	25	9	37499	104
204000	9	563	263	13252	14	4	37327	125
205000	10	608	302	13068	22	19	37000	40
206000	18	651	288	13081	39	16	36896	171
207000	8	586	264	13164	74	19	37536	193
208000	10	621	285	13117	43	37	36654	342
209000	23	628	308	13061	32	32	35662	225
210000	8	598	284	13106	40	60	37468	248
211000	14	660	264	13074	61	41	35679	251
212000	15	613	267	13116	57	53	36753	392
213000	11	634	277	13033	73	77	35269	408
214000	6	653	313	12913	86	86	35160	434
215000	19	582	292	13021	109	68	37021	542
216000	11	607	286	13001	94	79	36764	427
217000	10	645	265	13015	77	92	37124	399
218000	15	546	274	13112	100	67	36108	293
219000	15	592	284	13039	114	40	37505	370
220000	20	680	257	12937	128	74	35456	373
221000	16	607	291	13008	87	75	35926	610
222000	9	619	310	12960	129	69	36466	567
223000	10	552	256	13177	71	44	37537	366
224000	8	575	322	13090	30	59	37557	198
225000	15	593	286	13071	56	84	36273	226
226000	11	582	295	13074	88	65	34790	413
227000	23	606	259	13034	137	58	36023	613
228000	14	680	302	12852	147	71	36241	623
229000	11	646	256	13010	132	53	36788	520
230000	13	605	291	12981	124	55	37431	291
231000	22	611	285	12964	145	75	35700	526
232000	15	673	314	12860	123	70	36837	748
233000	14	625	277	12974	80	121	36314	463
234000	11	600	293	13008	77	99	38224	358
235000	17	603	272	13080	67	87	37529	632
236000	23	617	267	13014	104	76	35603	598
237000	10	576	294	13067	105	63	37143	364
238000	16	624	270	12937	159	84	36255	576
239000	20	620	276	12830	229	110	35532	783
240000	15	504	304	12903	265	86	35896	930
241000	26	654	274	12740	279	122	35270	960
242000	16	607	281	12831	201	127	35338	915
243000	12	603	287	12916	165	119	36534	902
244000	17	671	275	12826	140	141	35658	1010
245000	10	592	281	12940	158	103	36871	830
246000	23	666	280	12791	209	92	35004	778
247000	15	580	272	12768	344	125	36300	1237
248000	20	645	278	12752	281	133	36082	1272
249000	17	635	247	12842	267	100	36051	1143
250000	12	587	270	12839	215	140	36202	1186
251000	13	592	273	12775	287	176	36399	1079
252000	19	627	326	12595	298	175	37428	1311
253000	22	609	294	12682	326	135	35851	1231
254000	20	560	284	12676	352	158	36578	1657
255000	12	647	283	12636	336	157	36022	1235
256000	15	638	289	12614	295	235	33901	1576
257000	17	532	303	12574	406	232	35578	1746
258000	23	624	258	12512	408	256	35204	2029
259000	12	638	272	12586	319	257	36151	1400
260000	20	582	267	12613	395	198	35701	1600
261000	27	643	272	12639	316	177	34956	1512
262000	22	553	298	12792	255	156	36542	1299
263000	15	618	303	12771	235	143	36216	1072
264000	19	611	287	12829	223	118	36931	1018
265000	13	564	250	12867	265	139	35168	1110
266000	16	603	283	12760	301	125	35636	1247
267000	16	580	261	12760	304	161	35828	1319
268000	23	708	286	12560	262	245	34511	1324
269000	17	673	260	12608	271	281	36039	1482
270000	12	586	288	12628	334	251	36158	1399
271000	14	620	283	12628	358	210	35030	1817
272000	3	557	286	12732	274	223	35349	1484
273000	16	711	299	12492	367	188	34935	1438
274000	16	616	293	12611	329	208	35170	1446
275000	9	643	288	12582	341	226	34710	1463
276000	29	565	298	12631	311	248	35601	1871
277000	21	612	240	12614	370	264	33882	1636
278000	22	586	256	12609	459	180	35412	1862
279000	25	636	314	12347	469	261	34097	1922
280000	17	561	238	12501	514	253	35186	2104
281000	13	626	293	12382	450	341	35010	2107
282000	20	561	321	12431	430	331	35850	2246
283000	17	594	279	12639	314	235	35174	1610
284000	12	612	301	12682	265	210	36551	1460
285000	23	602	274	12699	236	208	35874	1261
286000	10	601	265	12799	261	162	36094	1323
287000	15	594	283	12640	276	254	34483	1098
288000	21	560	272	12670	312	249	34116	1645
289000	8	580	272	12552	431	243	34814	1903
290000	12	563	285	12713	365	139	35552	1445
291000	25	561	260	12696	346	219	35456	1822
292000	8	673	294	12508	354	217	35288	1327
293000	20	614	251	12729	300	193	35457	1388
294000	22	590	212	12805	265	230	36765	1125
295000	12	581	308	12640	337	224	35094	1513
296000	17	615	277	12710	306	183	36110	1133
297000	25	600	289	12684	270	203	35027	1275
298000	24	610	241	12718	294	189	36657	1398
299000	15	625	293	12793	200	106	35623	957
300000	13	548	268	12954	154	158	35620	884
301000	20	612	314	12791	198	152	36241	935
302000	17	628	251	12774	276	150	35175	996
303000	15	618	257	12872	234	132	35710	950
304000	20	568	277	12849	217	145	36598	1107
305000	16	628	272	12850	205	103	35901	936
306000	17	638	278	12812	200	155	35516	1160
307000	16	577	287	12862	213	146	35581	982
308000	13	596	252	13001	168	82	35902	452
309000	18	574	261	13003	123	91	37298	866
310000	15	563	277	12997	165	75	36896	679
311000	11	546	269	12933	258	101	35934	742
312000	7	588	279	12926	217	117	36129	1022
313000	19	575	273	12947	206	96	36987	890
314000	13	588	306	12854	190	126	36522	860
315000	8	567	317	12810	211	153	37409	992
316000	16	662	283	12783	214	129	35748	1042
317000	19	633	313	12741	243	111	35774	1001
318000	16	611	312	12727	269	131	35040	1269
319000	16	544	294	12877	234	140	35810	1014
320000	16	651	294	12652	286	184	36125	1346
321000	9	575	289	12634	368	196	36244	1382
322000	14	625	273	12653	308	223	35838	1350
323000	21	631	286	12644	310	177	35053	1220
324000	11	544	302	12744	328	138	35871	1518
325000	24	659	285	12643	282	170	34927	1113
326000	10	605	260	12865	214	163	35848	1292
327000	19	557	284	12791	283	127	35819	863
328000	22	689	260	12765	212	144	36173	1029
329000	10	557	279	12884	233	117	35825	859
330000	11	517	284	12895	213	149	37370	1129
331000	9	602	268	12767	258	203	36077	1144
332000	17	621	277	12713	251	211	36683	1343
333000	18	568	286	12712	304	209	36527	1219
334000	11	556	271	12671	371	186	36762	1639
335000	19	530	298	12581	401	226	34350	1673
336000	16	543	257	12690	380	216	37024	1627
337000	14	566	312	12556	397	240	35450	2035
338000	15	617	264	12608	343	242	33536	1945
339000	23	614	271	12541	338	270	35470	1597
340000	15	604	283	12685	299	195	36430	1299
341000	16	570	285	12806	275	139	36984	775
342000	21	614	284	12806	222	160	36235	931
343000	18	545	311	12905	128	151	37352	655
344000	7	568	262	13022	149	83	36155	660
345000	22	542	312	12901	166	109	37375	648
346000	10	542	273	12961	158	136	36030	909
347000	14	657	256	12876	187	109	35237	954
348000	16	605	288	12768	247	166	36386	945
349000	26	520	294	12779	307	191	36640	1248
350000	13	554	282	12815	342	80	36955	1373
351000	20	601	262	12789	298	123	35450	1096
352000	19	595	293	12803	299	95	36216	956
353000	14	587	247	12990	186	94	36341	687
354000	23	611	297	12832	215	100	36899	886
355000	19	643	307	12809	202	96	35336	706
356000	9	629	326	12728	274	89	36315	845
357000	17	570	252	12840	322	97	34179	932
358000	17	582	274	12717	364	138	36291	1147
359000	20	602	294	12684	344	118	36533	1383
360000	23	604	287	12750	278	151	34986	1474
361000	13	628	249	12702	277	223	36086	1352
362000	23	614	293	12636	313	211	35415	1614
363000	21	581	266	12742	366	128	36101	1301
364000	18	613	325	12634	265	209	35213	1401
365000	13	598	294	12726	266	187	35651	1140
366000	26	579	264	12609	363	259	35873	1501
367000	14	618	265	12561	339	270	35232	1770
368000	6	560	283	12608	380	244	35188	1834
369000	12	527	290	12593	414	294	35096	2492
370000	23	584	270	12480	436	305	34406	2212
371000	27	656	286	12385	451	253	34545	2119
372000	26	682	257	12396	431	295	34140	1899
373000	20	662	249	12566	373	250	34255	1893
374000	16	576	260	12641	375	238	35308	1644
375000	13	636	278	12484	394	274	34989	1269
376000	10	599	280	12558	383	250	35779	1718
377000	29	587	287	12616	357	201	36338	1687
378000	14	544	294	12678	378	187	36549	1649
379000	17	600	300	12506	349	285	35995	1698
380000	16	595	259	12669	329	229	36116	1716
381000	20	606	307	12492	410	239	34429	1725
382000	12	577	292	12694	327	222	35851	1797
383000	19	650	301	12499	401	209	34586	1965
384000	15	574	287	12535	400	285	35696	1718
385000	13	625	276	12518	427	229	35502	1656
386000	18	642	296	12528	355	245	34305	1623
387000	23	580	308	12553	453	146	36748	1638
388000	14	617	292	12585	404	191	35731	1480
389000	25	643	274	12573	421	145	35381	1550
390000	12	546	308	12612	401	203	34632	1409
391000	26	637	264	12542	430	184	35274	1370
392000	23	612	273	12616	374	191	34394	1551
393000	17	550	308	12666	364	148	34946	1116
394000	22	588	268	12638	397	143	35827	1174
395000	21	661	254	12766	304	92	34436	1042
396000	13	587	269	12773	355	84	36307	1105
397000	19	615	261	12721	339	126	35582	1271
398000	18	596	283	12668	369	156	34781	1308
399000	18	552	276	12613	401	232	35536	1737
400000	16	544	281	12622	418	225	36265	1818
401000	17	587	313	12824	251	102	34469	1365
402000	11	555	298	12869	258	89	35493	910
403000	8	590	302	12772	249	159	35711	1093
404000	9	600	276	12830	261	111	36957	1206
405000	14	588	277	12904	193	123	35715	897
406000	11	588	253	13003	140	126	36093	794
407000	13	592	295	12863	182	133	36706	861
408000	12	596	289	12882	125	172	37187	911
409000	15	513	252	12994	227	119	36454	879
410000	16	616	254	12815	285	101	36654	957
411000	14	637	275	12822	265	83	36006	1178
412000	14	597	268	12759	324	125	36252	1161
413000	14	607	268	12776	236	195	36469	1227
414000	10	551	275	12865	225	183	36213	1154
415000	22	581	288	12798	263	134	36585	1081
416000	21	618	289	12740	229	189	35694	1032
417000	20	595	283	12698	303	164	36070	1205
418000	13	613	270	12653	272	270	34977	1468
419000	13	618	267	12717	233	243	35431	1237
420000	21	613	236	12634	329	285	35754	1439
421000	25	591	277	12620	308	275	35575	1422
422000	16	706	300	12519	333	214	35767	1321
423000	14	624	259	12524	424	221	36232	1514
424000	20	604	316	12406	542	215	35643	2039
425000	21	593	260	12579	412	233	33753	1658
426000	16	527	270	12405	515	376	35468	2449
427000	20	564	292	12490	416	320	36084	1982
428000	17	589	266	12724	268	249	37317	2063
429000	10	649	250	12674	307	228	35309	1083
430000	16	577	309	12720	223	209	35567	1296
431000	22	641	313	12666	282	147	35564	869
432000	10	592	291	12877	184	129	36273	1191
433000	22	579	252	12847	242	141	36660	1175
434000	13	581	272	12758	335	115	35854	1053
435000	16	554	285	12733	353	120	36524	1444
436000	16	603	282	12773	270	136	36856	1092
437000	13	573	277	12760	285	183	35880	1262
438000	22	647	279	12811	219	122	36167	630
439000	25	589	259	12867	234	119	35861	1143
440000	9	650	288	12807	218	142	34980	640
441000	17	600	295	12844	190	139	36202	862
442000	22	564	286	12956	144	101	36884	951
443000	16	642	286	12953	99	107	35961	532
444000	23	647	298	12875	140	108	34501	616
445000	20	632	224	12935	189	125	36680	684
446000	20	642	301	12863	163	105	35711	791
447000	13	646	237	12942	144	128	35900	725
448000	11	590	282	12917	175	128	37148	966
449000	10	656	280	12980	129	57	35661	428
450000	10	592	264	12970	194	63	35931	701
451000	20	575	276	12952	157	132	36685	783
452000	17	625	275	12897	148	106	35836	676
453000	10	639	265	12934	162	73	35558	704
454000	12	596	311	12930	156	79	36176	727
455000	14	536	288	12922	260	91	35817	843
456000	10	594	234	12887	252	126	36460	1073
457000	22	584	298	12810	255	92	35525	802
458000	14	597	294	12747	300	116	36254	1253
459000	19	582	298	12744	301	142	35559	1055
460000	20	649	275	12697	316	179	35215	1545
461000	18	564	268	12657	374	216	35322	1651
462000	14	648	281	12605	345	213	34138	1214
463000	20	555	283	12573	425	243	34579	1601
464000	19	636	295	12500	358	268	34303	1732
465000	18	586	282	12628	353	203	35264	1405
466000	34	615	335	12580	313	185	34321	1243
467000	17	633	266	12780	247	168	36178	1169
468000	11	541	276	12842	235	192	36511	964
469000	15	656	280	12784	241	123	36208	1048
470000	14	605	266	12756	225	219	35670	1311
471000	18	586	290	12792	185	217	36574	1229
472000	13	650	260	12781	244	182	34205	1124
473000	14	610	274	12681	336	181	36335	1285
474000	11	597	284	12639	409	146	35752	1311
475000	20	637	278	12688	365	122	35530	1550
476000	16	574	281	12708	353	148	35746	1349
477000	11	559	270	12799	306	169	36011	1083
478000	23	607	286	12630	331	182	34704	1378
479000	20	567	309	12657	254	255	36369	1411
480000	14	554	293	12661	288	245	35630	1766
481000	17	540	257	12794	298	165	35832	1012
482000	13	545	277	12759	294	187	36718	1375
483000	20	587	268	12683	304	230	34804	1480
484000	20	585	271	12711	303	211	36520	1535
485000	12	530	265	12672	395	188	36987	1516
486000	26	617	265	12456	508	213	35545	2111
487000	25	530	245	12632	443	241	35860	1959
488000	19	624	300	12599	334	209	34785	1620
489000	12	627	279	12686	298	174	34968	1232
490000	16	587	296	12554	360	251	36411	1473
491000	8	608	290	12590	332	231	34993	1536
492000	19	516	291	12513	410	290	33795	1613
493000	33	584	284	12464	466	264	35947	2043
494000	14	629	273	12533	415	225	33885	1739
495000	23	559	290	12703	310	182	36928	1375
496000	13	636	248	12784	235	186	36183	829
497000	13	565	301	12860	246	104	35667	851
498000	18	605	289	12855	200	113	36453	878
499000	13	580	276	13014	159	73	36070	580
