0	0	0	0	14400	0	0	0	0
1000	7	939	89	12936	166	53	22068	491
2000	3	840	91	13059	136	67	22068	339
3000	10	898	98	12893	159	106	23054	325
4000	4	898	74	12975	134	129	21745	412
5000	6	894	70	12928	168	136	21724	525
6000	12	858	92	12890	170	170	22094	640
7000	6	925	72	12908	155	154	21670	591
8000	11	908	88	12879	203	112	21211	572
9000	11	858	76	13009	147	109	21025	251
10000	11	894	95	12863	166	146	22611	478
11000	5	884	89	12816	201	201	20777	504
12000	3	859	83	12878	222	189	21343	617
13000	9	878	82	12900	193	115	21400	538
14000	10	821	86	12939	214	133	22069	580
15000	11	965	95	12708	230	151	21281	665
16000	9	861	83	12783	314	169	22316	824
17000	5	858	84	12767	280	200	22179	609
18000	3	798	76	12882	282	141	22023	698
19000	12	849	92	12754	297	196	21863	885
20000	6	917	63	12729	276	212	21626	765
21000	6	905	85	12839	226	133	21704	649
22000	11	922	84	12825	224	135	21051	590
23000	5	911	73	12960	163	98	21815	435
24000	9	897	95	12920	126	134	21601	564
25000	10	873	76	12929	162	155	21686	598
26000	3	892	88	12953	151	109	22269	340
27000	5	919	75	12907	154	141	21925	597
28000	7	915	86	12867	129	168	22865	358
29000	6	935	78	12905	151	118	23110	402
30000	12	873	80	12899	204	125	21706	411
31000	8	919	80	12843	203	140	21732	701
32000	10	868	71	12896	172	179	21042	597
33000	6	915	91	12855	225	114	21649	527
34000	10	878	92	12803	229	152	22042	549
35000	8	881	85	12802	215	183	21782	775
36000	9	842	86	12838	252	155	21223	747
37000	7	865	92	12777	217	246	21818	870
38000	6	873	77	12769	209	254	20827	741
39000	6	807	86	12833	185	264	22650	747
40000	7	869	73	12721	187	335	22065	949
41000	8	927	85	12679	238	270	21576	843
42000	5	894	76	12735	252	234	21270	692
43000	3	961	66	12736	199	228	20852	782
44000	7	841	71	12779	265	239	20606	831
45000	10	849	95	12677	311	260	20640	901
46000	10	787	82	12777	280	269	23027	987
47000	7	914	65	12588	375	257	21254	963
48000	8	932	84	12570	355	212	20996	831
49000	3	914	84	12691	274	227	21471	686
50000	7	879	74	12722	253	262	21144	999
51000	6	854	76	12711	275	266	22340	889
52000	13	873	73	12692	291	255	21989	837
53000	9	876	92	12637	363	221	21219	863
54000	9	836	80	12664	324	291	21550	1200
55000	4	836	74	12638	333	319	21966	1137
56000	9	895	76	12425	439	368	21318	1170
57000	7	881	61	12453	462	303	20937	1203
58000	6	879	75	12436	490	315	21025	1396
59000	3	852	65	12492	490	316	20165	1275
60000	10	885	93	12309	545	349	20431	1482
61000	10	886	86	12144	700	354	19971	1815
62000	16	911	87	12015	615	541	19647	1980
63000	6	864	82	12162	551	543	20238	1692
64000	17	912	94	12216	526	434	20431	1428
65000	10	774	86	12325	534	468	20346	1709
66000	9	844	79	12380	453	433	20273	1440
67000	7	852	91	12398	479	365	21270	1155
68000	10	883	81	12238	583	408	21591	1787
69000	9	931	95	12060	651	453	20059	1682
70000	10	851	82	12264	555	409	21141	1871
71000	9	754	70	12369	562	428	20257	1904
72000	10	998	70	12087	630	392	20186	1816
73000	10	811	62	12265	581	482	20281	1831
74000	12	850	87	12306	553	380	20060	1572
75000	6	848	85	12251	548	449	21017	1766
76000	10	904	81	12189	557	475	19789	1530
77000	10	922	97	12069	551	538	18800	1561
78000	10	869	83	12240	524	455	21231	2092
79000	7	970	86	12141	536	450	19461	1605
80000	18	885	78	12230	615	356	20261	1237
81000	5	869	85	12433	509	318	19768	1532
82000	7	890	87	12526	409	288	21545	1170
83000	9	857	99	12509	419	318	21661	1296
84000	5	895	93	12294	474	426	20090	1520
85000	10	841	86	12313	510	446	20932	1684
86000	8	890	85	12158	634	415	20947	1889
87000	9	854	51	11987	742	573	20024	2243
88000	9	806	71	12068	739	516	19932	1861
89000	2	948	75	11941	681	542	19166	2130
90000	12	928	91	11985	659	511	20083	2491
91000	10	764	72	12096	654	605	20210	1957
92000	9	887	91	12061	600	541	20403	1926
93000	13	833	70	12038	676	574	19805	1904
94000	9	905	81	11829	819	543	20013	2250
95000	19	830	69	12028	705	563	21777	2140
96000	13	843	76	11842	826	593	19722	2253
97000	11	928	82	11707	837	652	19724	2715
98000	17	804	84	11570	926	792	19856	2513
99000	8	779	88	11617	1031	664	20719	2772
100000	13	912	69	11417	1066	720	18632	2624
101000	11	852	78	11470	1036	728	19220	2934
102000	15	857	87	11476	982	771	20086	3258
103000	12	810	74	11325	1198	773	18967	3119
104000	12	833	79	11165	1261	857	17911	3432
105000	10	786	88	10937	1361	998	18893	4201
106000	8	734	84	10947	1388	1006	18534	3807
107000	14	773	76	10991	1275	1067	18825	3700
108000	17	782	84	10931	1419	979	18159	3569
109000	11	816	84	10572	1641	1067	18338	3703
110000	13	762	79	10475	1789	1079	17753	4817
111000	14	784	73	10564	1648	1126	17695	4935
112000	10	774	66	10586	1434	1330	18105	5040
113000	15	861	83	10431	1670	1121	17942	4649
114000	17	812	88	10496	1629	1151	17827	4787
115000	17	723	72	10594	1737	1038	17970	4603
116000	17	796	77	10274	1954	1096	17256	4664
117000	21	763	83	10242	1908	1184	17881	5245
118000	19	802	83	10154	1879	1261	17289	5292
119000	15	805	78	10269	1767	1260	17527	4726
120000	19	798	85	10243	1712	1341	18299	5070
121000	8	878	76	10052	1713	1481	16300	5451
122000	10	765	85	10308	1697	1336	17985	5091
123000	18	760	60	10302	1747	1290	17057	5297
124000	18	771	95	10143	1962	1204	16691	5878
125000	11	831	99	10084	1899	1284	16480	5191
126000	25	723	89	10024	1999	1330	17013	5194
127000	22	758	72	10119	1953	1286	16574	5291
128000	27	723	75	10138	1850	1371	17163	5355
129000	12	764	85	10093	1884	1377	17379	5552
130000	16	762	70	10113	1946	1288	15815	5603
131000	15	837	80	9832	2117	1301	16088	5143
132000	14	774	78	9846	2102	1379	16933	6007
133000	21	723	66	10123	2005	1241	16376	5510
134000	16	789	88	10271	1833	1206	17155	4911
135000	15	787	84	10421	1748	1139	17423	4727
136000	10	766	83	10237	1770	1297	18058	5424
137000	14	757	87	10120	1804	1395	17852	5247
138000	18	796	87	9917	2165	1212	17158	6080
139000	17	769	85	10039	1966	1321	16490	5230
140000	13	812	92	10061	1933	1271	16543	5434
141000	12	756	88	10204	1720	1409	16793	5907
142000	14	795	74	9984	1993	1334	17365	5053
143000	12	814	57	10276	1751	1280	17253	4768
144000	15	763	56	10322	1783	1251	16543	4683
145000	14	782	85	10503	1700	1111	18203	4987
146000	20	710	67	10666	1646	1082	18656	4104
147000	18	758	71	10556	1691	1101	17583	4890
148000	12	778	79	10420	1676	1240	17614	4434
149000	12	866	69	10501	1562	1192	17794	4901
150000	10	814	68	10479	1545	1256	17309	5065
151000	19	799	89	10600	1533	1147	17941	4457
152000	14	708	81	10656	1631	1110	19120	4339
153000	11	799	71	10823	1397	1107	18042	4380
154000	15	750	72	10958	1393	1006	18296	4310
155000	10	788	73	11089	1351	905	18537	3567
156000	17	832	61	10696	1566	1035	18937	4495
157000	14	760	69	10553	1669	1120	16686	5021
158000	11	814	69	10604	1699	994	17548	4480
159000	15	728	71	10714	1643	1020	18428	4101
160000	16	776	88	10429	1779	1127	17551	4534
161000	17	828	73	10266	1787	1227	17224	5080
162000	15	707	65	10212	1938	1280	18004	4814
163000	10	728	83	10097	1894	1376	17400	5642
164000	13	811	62	10117	1794	1394	17097	5472
165000	11	751	79	10138	1838	1397	16971	4781
166000	20	770	104	10089	1806	1386	17798	5281
167000	23	774	89	9961	2016	1340	17093	5156
168000	14	792	70	9987	2030	1312	16543	5459
169000	17	800	90	9904	2013	1375	16603	5491
170000	18	702	77	10031	2078	1288	17203	5821
171000	19	694	83	9974	2127	1281	18054	5205
172000	17	735	89	9922	2112	1315	17037	5826
173000	12	822	91	10022	1910	1324	17071	5205
174000	16	775	91	10045	1921	1334	17310	5604
175000	17	769	65	10176	1837	1330	18009	4983
176000	18	759	80	10059	1968	1321	17537	5194
177000	15	754	60	10546	1668	1165	17409	4875
178000	17	895	81	10326	1591	1283	16855	5128
179000	14	775	79	10216	1789	1307	17703	5183
180000	10	833	92	10140	1731	1396	16928	5402
181000	16	751	63	9975	1956	1465	16871	5675
182000	10	756	73	9795	2030	1547	15966	6465
183000	21	829	85	9473	2234	1580	16287	6192
184000	19	666	73	9521	2266	1658	16249	6651
185000	18	729	91	9257	2542	1562	15777	6808
186000	22	732	70	9020	2637	1715	15412	6965
187000	22	703	90	9185	2680	1513	14879	7062
188000	25	725	61	9162	2748	1462	15231	7085
189000	17	716	87	9268	2509	1603	15427	7118
190000	14	713	96	9320	2500	1566	15486	6709
191000	14	721	85	9510	2515	1353	16729	6687
192000	24	717	69	9348	2587	1409	16100	6960
193000	15	738	95	9205	2628	1519	15421	6811
194000	27	728	72	9068	2687	1590	15014	7073
195000	21	685	80	9194	2717	1506	15532	6555
196000	17	729	99	8918	2733	1694	15238	7363
197000	18	712	73	9179	2765	1456	15694	6715
198000	20	747	83	9071	2684	1578	14945	7855
199000	15	748	76	8944	2727	1690	15864	7574
200000	15	798	66	8984	2632	1701	15632	7004
201000	12	713	74	9279	2559	1564	16572	7230
202000	29	708	73	9605	2457	1335	15706	6557
203000	17	680	96	9355	2524	1526	15986	6788
204000	16	705	76	9520	2355	1502	15530	6954
205000	20	677	94	9554	2384	1463	16432	6593
206000	33	786	79	9403	2538	1357	16052	5937
207000	20	643	85	9460	2421	1550	16593	6548
208000	18	661	75	9513	2408	1497	16489	6320
209000	18	817	78	9275	2376	1637	15411	7006
210000	10	702	84	9534	2375	1491	16287	5911
211000	20	756	80	9512	2381	1440	16289	6404
212000	14	802	102	9692	2220	1350	16268	5604
213000	16	698	92	9760	2346	1293	15995	5598
214000	19	733	73	10011	2086	1274	16668	5759
215000	15	823	68	9813	1975	1482	17119	5709
216000	17	797	70	9832	1954	1520	16786	6459
217000	12	758	60	10042	1799	1532	17916	5728
218000	23	811	86	9551	2110	1578	15612	6379
219000	12	692	78	9293	2485	1629	15939	6573
220000	18	724	85	9151	2678	1539	15069	7004
221000	17	670	63	9081	2761	1632	15452	6825
222000	20	720	57	8845	2830	1716	14365	7645
223000	18	779	63	9001	2663	1674	15784	6656
224000	26	737	77	8989	2647	1718	15109	7478
225000	18	739	67	9187	2524	1643	14868	7092
226000	28	683	92	9234	2602	1536	17125	7101
227000	23	721	60	9357	2504	1551	15361	6521
228000	23	779	56	9087	2651	1610	15166	7285
229000	19	766	84	8941	2591	1802	15234	7409
230000	14	788	69	9028	2749	1569	14958	6858
231000	16	747	65	9231	2529	1606	16486	6889
232000	21	760	85	9464	2334	1513	16468	5915
233000	19	796	79	9462	2384	1458	16222	5833
234000	17	793	67	9361	2486	1491	15116	6076
235000	17	788	94	9465	2419	1414	16677	5998
236000	32	764	80	9265	2588	1469	15782	6267
237000	15	667	74	9213	2583	1632	15738	7604
238000	15	790	88	9203	2336	1753	15429	6835
239000	19	770	58	9469	2244	1648	15955	6356
240000	22	757	76	9353	2380	1610	15588	6472
241000	28	696	73	9418	2480	1477	16213	6749
242000	13	694	76	9403	2524	1475	17034	6809
243000	13	674	75	9624	2271	1550	16079	6545
244000	7	677	78	9862	2118	1465	16779	6794
245000	19	818	62	9800	2114	1376	16024	6024
246000	24	757	71	9685	2316	1345	17229	6015
247000	16	748	80	9911	2091	1363	16857	5678
248000	13	778	79	9627	2281	1406	16472	6481
249000	17	771	82	9548	2268	1492	16447	6827
250000	10	740	79	9941	2056	1366	17660	6508
251000	14	796	78	9868	1965	1481	16985	5634
252000	16	731	83	9841	2107	1400	16565	5940
253000	9	770	68	9885	2035	1417	17677	5862
254000	17	770	68	9906	2173	1272	16746	5967
255000	22	714	72	9790	2204	1394	15320	6412
256000	19	818	83	9646	2260	1371	16967	6165
257000	26	819	71	9645	2186	1421	17144	5991
258000	26	710	80	9608	2275	1487	16444	6526
259000	20	712	89	9687	2197	1503	16563	6361
260000	16	738	70	9647	2252	1473	15714	5724
261000	15	786	85	9736	2127	1435	17028	5806
262000	15	721	92	9906	2087	1346	16965	5826
263000	12	726	76	9962	2166	1256	17145	5526
264000	21	765	70	9724	2163	1479	17531	5658
265000	16	784	70	9605	2064	1630	15511	6259
266000	14	670	76	9852	2031	1589	16335	6175
267000	16	751	67	9861	2060	1434	17499	6008
268000	20	801	72	9972	1925	1397	16268	5737
269000	12	707	80	9882	2034	1457	16887	6210
270000	21	744	82	9681	2217	1433	17236	6107
271000	18	706	69	9820	2251	1300	17116	6139
272000	13	754	87	9735	2299	1310	16297	6284
273000	25	824	92	9562	2259	1410	16539	5485
274000	11	720	78	9641	2175	1581	16191	6196
275000	16	695	76	9344	2548	1518	15664	6470
276000	14	656	71	9483	2356	1604	15988	6620
277000	18	701	84	9251	2655	1491	15580	7118
278000	25	727	62	9307	2482	1596	15642	7503
279000	21	733	75	9414	2311	1661	14689	7073
280000	18	865	86	9650	2187	1384	16125	6089
281000	17	772	86	9836	2114	1348	17291	6514
282000	22	840	77	9809	2101	1341	16479	5574
283000	21	717	70	9792	2204	1379	16829	5923
284000	18	756	86	9818	2101	1413	16487	6514
285000	10	764	52	9840	1995	1518	16084	6117
286000	19	778	88	9926	1920	1442	17059	5871
287000	21	837	69	9972	1913	1370	15612	5498
288000	17	759	86	10158	1850	1313	17604	5089
289000	14	818	93	10358	1759	1150	16659	5232
290000	19	789	72	10540	1635	1162	17348	4748
291000	17	856	78	10484	1558	1241	17099	4576
292000	20	762	67	10447	1666	1233	17084	4278
293000	17	794	91	10448	1749	1090	17393	5532
294000	14	767	80	10259	1777	1290	16974	5334
295000	18	731	94	10294	1728	1315	17434	5410
296000	14	795	77	10202	1832	1273	16976	5101
297000	21	712	86	10368	1840	1155	17337	4887
298000	14	803	73	10212	1907	1157	17336	5293
299000	23	767	75	10178	1828	1306	16519	4856
300000	11	756	67	10539	1697	1117	17920	4652
301000	21	738	84	10381	1829	1132	18210	5085
302000	7	790	65	10270	1741	1340	16703	4939
303000	22	797	71	10254	1761	1288	16758	4937
304000	9	751	94	10525	1656	1157	17564	4772
305000	20	796	72	10313	1788	1223	18491	4862
306000	17	736	73	10300	1815	1237	17293	5900
307000	22	752	78	10281	1807	1258	18191	5206
308000	24	818	77	10052	1906	1307	16660	5526
309000	16	817	84	10063	1992	1206	16705	5320
310000	17	761	79	10263	1974	1136	17166	5326
311000	16	787	75	10056	1938	1323	16713	5627
312000	13	814	83	9955	1910	1412	16919	5849
313000	21	801	65	10059	2007	1266	16519	5388
314000	16	823	81	9959	2070	1226	17114	5626
315000	25	767	74	9816	2137	1384	16355	5883
316000	18	793	82	9798	2228	1273	16646	5692
317000	22	735	76	9672	2206	1485	16156	6128
318000	15	791	78	9638	2187	1468	16086	5902
319000	14	815	92	9710	2072	1456	16596	6376
320000	18	774	77	10014	1893	1413	17091	6223
321000	18	834	86	10127	1848	1267	17337	5449
322000	14	731	77	10336	1907	1144	17091	5266
323000	21	759	77	10142	1928	1257	17632	5503
324000	15	744	84	9947	1903	1495	17292	5686
325000	17	805	72	9947	1927	1423	16684	5373
326000	17	756	75	10028	1914	1416	17122	5822
327000	11	746	79	10368	1854	1143	17610	5486
328000	16	814	72	10436	1738	1112	16354	4867
329000	14	781	85	10376	1824	1114	17508	4990
330000	19	802	79	10508	1692	1104	18554	4732
331000	9	819	73	10512	1607	1199	16505	4726
332000	12	769	85	10491	1661	1220	17998	4564
333000	7	722	66	10698	1587	1106	18650	4852
334000	13	810	63	10726	1515	1081	18039	4774
335000	22	776	67	10730	1421	1165	17782	4790
336000	23	784	89	10491	1694	1129	17979	4824
337000	11	778	83	10296	1885	1169	17123	5329
338000	8	729	64	9952	1998	1447	17497	5661
339000	11	845	99	9669	2048	1511	16364	6007
340000	15	733	81	9816	2058	1514	17668	6511
341000	15	744	68	9753	2200	1434	17074	6245
342000	16	745	92	9922	2041	1371	17547	5952
343000	9	724	64	9588	2256	1554	16886	6165
344000	12	824	90	9573	2246	1468	17083	7171
345000	21	659	84	9475	2532	1425	15928	6901
346000	18	737	74	9536	2467	1366	15732	6670
347000	23	668	72	9108	2666	1653	15112	7815
348000	24	752	65	9044	2561	1757	15184	7894
349000	17	797	75	8783	2659	1838	15262	6959
350000	19	757	83	8843	2641	1854	14906	7687
351000	10	690	76	9179	2719	1508	15295	7632
352000	17	737	96	9063	2752	1530	15121	7169
353000	35	672	72	9060	2687	1676	15999	7104
354000	19	714	73	9087	2696	1615	16339	6621
355000	27	719	77	9008	2762	1606	15643	7728
356000	23	709	96	8806	3085	1463	14747	6962
357000	21	677	72	8948	2829	1664	15576	7383
358000	22	720	76	8964	2772	1637	16000	7076
359000	18	689	84	9147	2772	1491	14702	6791
360000	20	768	70	9114	2666	1546	15262	6905
361000	23	738	65	9146	2671	1554	14985	7291
362000	32	742	65	9240	2412	1693	16253	6903
363000	21	803	79	9363	2290	1640	15447	6754
364000	22	679	78	9581	2294	1549	15999	6878
365000	21	690	85	9474	2434	1496	15899	6262
366000	18	811	72	9194	2590	1520	15854	7254
367000	17	788	77	8999	2654	1670	14624	7276
368000	8	810	72	9369	2313	1612	14560	6328
369000	23	678	85	9416	2431	1545	15999	7071
370000	14	731	86	9517	2356	1496	15824	6438
371000	16	760	65	9459	2219	1655	15383	6294
372000	18	739	83	9280	2481	1605	15340	6848
373000	21	749	83	9336	2513	1465	15756	6381
374000	21	718	69	9332	2530	1528	16117	6705
375000	21	705	76	9330	2548	1547	15898	6852
376000	17	746	87	9319	2490	1517	15866	6836
377000	22	677	74	9467	2405	1567	15841	7067
378000	25	731	84	9213	2716	1423	15464	6165
379000	23	674	84	9366	2506	1514	16768	7215
380000	21	755	86	9306	2500	1525	15710	7322
381000	18	721	80	9624	2386	1371	15838	6563
382000	18	775	79	9536	2388	1400	16429	6183
383000	24	710	68	9395	2504	1502	16100	7286
384000	21	800	88	9263	2511	1499	15931	6614
385000	22	724	79	9192	2568	1601	15274	6539
386000	16	699	69	9245	2595	1574	15282	7170
387000	25	737	72	9388	2447	1499	16036	7332
388000	22	755	91	9134	2615	1592	15360	6817
389000	22	705	73	9437	2407	1543	16026	6759
390000	23	804	85	9586	2198	1482	17098	5748
391000	19	714	80	9792	2236	1347	18221	6136
392000	17	729	69	9556	2496	1328	17211	6185
393000	16	768	76	9502	2360	1468	16412	7216
394000	12	815	76	9643	2226	1438	15540	5915
395000	16	770	68	9604	2273	1460	16613	6196
396000	15	827	84	9754	2061	1460	16525	5553
397000	14	767	60	9868	2093	1401	16660	5801
398000	12	769	82	9783	2162	1387	16027	6002
399000	15	791	78	9717	2331	1245	15512	6028
400000	18	684	67	9815	2198	1414	17049	6558
401000	19	765	83	9629	2303	1388	15817	5806
402000	18	740	97	9653	2179	1511	16426	6659
403000	9	704	68	9775	2141	1506	16787	6497
404000	19	728	71	9900	2121	1378	16956	6317
405000	21	763	78	9835	2120	1352	17647	5792
406000	19	725	93	9885	2165	1292	16823	5766
407000	12	710	84	9889	2168	1349	17195	5991
408000	28	754	83	9877	2160	1270	16702	5847
409000	17	722	69	10009	2142	1247	17052	6175
410000	16	744	64	10011	2012	1357	17249	5401
411000	24	735	74	10125	1997	1249	16659	5636
412000	21	811	81	10121	1972	1180	17519	5614
413000	23	783	92	10361	1713	1199	18403	4816
414000	17	724	80	9968	1969	1404	16665	5746
415000	19	751	70	9991	1961	1400	16787	5885
416000	10	762	98	10206	1810	1291	17177	5239
417000	17	762	94	10263	1837	1230	16337	5487
418000	16	764	71	10265	1862	1204	17470	5377
419000	19	823	70	10194	1784	1323	17623	5115
420000	17	757	79	10310	1958	1059	17382	5327
421000	17	769	79	10058	1966	1317	16582	5364
422000	12	784	82	10157	1833	1301	17302	5015
423000	16	838	80	9901	2033	1302	17351	5366
424000	16	757	84	10085	2013	1232	17776	5974
425000	22	777	76	10082	2062	1162	17491	5370
426000	16	746	87	10196	1841	1305	17003	5599
427000	14	807	66	10211	1859	1256	18226	5269
428000	12	815	73	10047	1834	1403	16817	5547
429000	27	781	89	9953	1967	1387	17147	5916
430000	18	745	71	10143	2024	1198	16962	5323
431000	12	756	79	10257	1815	1276	17477	5452
432000	15	843	78	10155	1788	1323	17781	4949
433000	16	751	66	10164	1771	1414	16880	5276
434000	13	748	79	10063	1820	1461	16467	5607
435000	15	764	85	10038	1863	1429	16976	5566
436000	14	793	91	10304	1796	1196	17347	4747
437000	21	803	89	10101	1987	1175	16706	4814
438000	14	780	71	9896	2104	1338	17360	5671
439000	15	740	87	10026	2122	1201	16274	5653
440000	21	698	71	9868	2119	1385	17100	5903
441000	14	816	76	10082	1791	1404	16424	5679
442000	9	781	81	10137	1900	1277	18216	5369
443000	15	780	75	10215	1848	1280	17061	5292
444000	19	764	77	10500	1727	1120	18086	5098
445000	10	740	82	10604	1695	1069	17022	5133
446000	14	849	75	10550	1540	1167	16820	4664
447000	13	874	80	10653	1518	1063	17605	4263
448000	13	807	82	10651	1557	1090	17482	4050
449000	12	863	86	10895	1414	914	18143	3787
450000	19	797	84	10868	1439	994	17956	3710
451000	11	823	81	10617	1622	1022	17899	4753
452000	12	819	70	10546	1497	1244	17776	4801
453000	23	841	77	10475	1672	1140	17866	4718
454000	19	793	86	10257	1811	1218	17643	4784
455000	24	762	85	10407	1746	1164	18032	4828
456000	18	756	69	10285	1894	1182	18095	5075
457000	14	768	72	10073	1992	1283	16882	5031
458000	17	775	105	10151	1949	1207	17390	5582
459000	14	807	74	10241	1785	1296	17314	5116
460000	20	794	98	10406	1708	1163	16970	4682
461000	18	751	77	10564	1750	1042	18106	4242
462000	14	760	84	10493	1659	1190	17656	4464
463000	18	808	76	9998	2046	1243	17424	4976
464000	23	774	68	9990	2043	1296	16781	5489
465000	12	750	77	9915	1929	1509	16726	5278
466000	21	834	68	9821	2022	1381	16532	5781
467000	14	829	85	9809	1969	1503	16698	5930
468000	19	742	85	9900	1900	1542	16091	5961
469000	16	687	69	9931	2162	1334	16814	6247
470000	11	772	99	9947	2128	1214	17071	5287
471000	24	729	82	9870	2055	1422	17216	5856
472000	12	716	70	9979	2026	1398	16550	6226
473000	21	762	81	10296	1714	1307	17519	5167
474000	24	717	69	10000	1919	1451	16792	5732
475000	21	783	87	9691	2144	1465	16587	5710
476000	15	730	81	9564	2192	1614	16359	5876
477000	18	758	80	9414	2279	1641	16485	6372
478000	13	756	83	9634	2257	1442	16125	6801
479000	24	812	72	9660	2076	1562	15988	6413
480000	13	742	69	9759	2098	1506	17146	5807
481000	11	738	62	9854	2017	1526	17071	5456
482000	13	799	71	9800	2177	1336	15892	5795
483000	13	731	74	9836	2122	1427	16528	6154
484000	21	769	91	9811	2064	1453	16558	6003
485000	19	792	70	9592	2180	1548	16443	6067
486000	19	706	78	9699	2367	1326	16909	6679
487000	18	720	74	9538	2381	1446	16526	7120
488000	20	750	71	9856	2016	1473	16259	5829
489000	20	777	85	9820	2032	1448	16376	5687
490000	14	709	84	9988	1842	1546	17035	6004
491000	15	856	98	10116	1842	1263	16772	4848
492000	17	734	75	10190	1827	1340	17464	4757
493000	14	718	83	10009	1845	1522	16548	5759
494000	23	731	86	9948	2044	1345	17972	5821
495000	19	786	71	9820	2150	1368	16786	5734
496000	19	794	73	9829	2117	1330	16350	6055
497000	19	787	86	9822	2171	1305	16877	6061
498000	10	787	80	9629	2183	1498	15622	5845
499000	16	772	71	9466	2400	1468	15539	6103
