0	0	0	0	14400	0	0	0	0
1000	6	921	102	13028	102	39	22394	312
2000	11	887	85	13054	88	74	21682	279
3000	9	925	78	13042	55	68	22239	197
4000	9	849	79	13112	73	70	21926	198
5000	7	930	105	13036	67	55	21786	260
6000	7	925	95	12948	107	93	21371	234
7000	10	881	100	12944	151	94	23190	444
8000	5	883	92	12970	126	115	22704	409
9000	9	894	70	12994	142	88	21260	379
10000	12	976	67	12878	123	119	21559	408
11000	7	868	89	12992	107	124	22040	502
12000	6	950	76	12972	105	88	22766	396
13000	2	954	75	13021	83	60	21717	113
14000	5	905	96	13055	62	65	21665	205
15000	3	916	89	13021	88	78	21843	270
16000	6	935	74	12915	151	95	20854	469
17000	9	904	87	12861	205	124	21898	515
18000	5	895	93	12886	190	114	22364	549
19000	3	892	89	12868	180	174	21595	566
20000	7	846	85	12920	184	126	22045	527
21000	7	900	87	12844	161	214	20959	596
22000	7	834	76	12999	136	156	21689	536
23000	2	910	80	12901	161	136	21527	654
24000	11	856	92	12914	211	104	21601	462
25000	5	972	102	12771	213	122	20951	658
26000	4	777	89	12986	229	130	23055	714
27000	4	850	87	12864	242	153	22006	662
28000	9	851	78	12749	289	213	22367	783
29000	7	826	79	12771	294	220	21883	646
30000	8	868	75	12751	246	229	22376	815
31000	6	876	69	12827	212	219	22453	746
32000	7	857	84	12848	223	166	22300	840
33000	8	826	96	12896	214	157	22845	599
34000	6	885	83	12842	243	142	22003	575
35000	6	820	84	12939	220	146	20558	577
36000	3	870	88	12931	202	121	22527	553
37000	3	919	79	12857	244	117	21511	503
38000	7	854	79	12863	230	146	21741	695
39000	7	876	87	12882	173	185	22647	447
40000	9	947	84	12664	245	256	19893	718
41000	3	801	92	12648	298	320	21925	847
42000	9	862	94	12648	330	254	21760	813
43000	5	936	83	12473	422	280	20869	1536
44000	8	855	82	12547	383	312	19866	1135
45000	6	868	84	12512	398	341	20764	1088
46000	8	876	82	12518	353	359	21594	1311
47000	4	900	85	12528	355	300	20434	999
48000	4	865	87	12488	384	317	20577	1098
49000	5	845	99	12577	401	275	21641	990
50000	10	861	87	12507	395	335	22243	1331
51000	6	818	81	12619	365	314	21845	1123
52000	8	770	88	12783	332	244	22361	926
53000	7	829	72	12626	352	319	21456	1134
54000	10	819	86	12616	388	259	22283	1189
55000	12	899	61	12558	390	282	21791	984
56000	9	886	65	12441	405	376	21027	1309
57000	7	806	84	12287	492	516	21812	1360
58000	9	874	72	12221	561	451	20979	1812
59000	9	853	78	12374	541	358	20473	1606
60000	5	863	105	12312	486	403	20473	1517
61000	10	871	85	12202	557	455	20929	1724
62000	10	872	78	11979	627	636	21609	1989
63000	15	843	103	11886	685	655	20277	1929
64000	10	873	100	11691	831	701	20348	2796
65000	6	877	73	11587	814	834	19902	2504
66000	13	840	98	11513	960	781	20228	3140
67000	13	806	73	11298	1156	866	19422	3369
68000	13	789	69	11099	1389	820	19693	4063
69000	17	807	99	10826	1521	898	18554	3971
70000	5	770	83	10830	1600	892	17880	3880
71000	16	784	81	10619	1602	1084	17912	4044
72000	19	789	79	10420	1787	1110	18268	4706
73000	12	764	59	10427	1829	1113	17213	4862
74000	16	770	89	10519	1788	987	17167	5100
75000	12	732	80	10641	1624	1088	17418	4266
76000	11	782	82	10705	1618	1014	17755	4217
77000	13	759	73	10734	1499	1133	18094	4582
78000	13	767	88	10760	1478	1065	18326	4689
79000	15	777	78	10732	1571	999	17764	4736
80000	18	862	81	10527	1609	1077	17305	4826
81000	10	808	67	10584	1486	1254	17008	4226
82000	24	759	93	10390	1717	1184	17747	5083
83000	22	798	79	10213	1773	1314	17041	5391
84000	10	778	90	10261	1770	1272	17226	5518
85000	18	807	63	10129	1914	1263	18080	5397
86000	9	812	90	9817	2092	1359	16619	6571
87000	14	700	85	9755	2147	1485	16689	6198
88000	20	808	82	9718	2080	1506	16681	6340
89000	8	777	68	9791	2092	1475	15468	5841
90000	9	751	82	9834	2202	1305	16793	5620
91000	12	684	90	9845	2190	1362	16841	6185
92000	30	745	66	9680	2246	1440	17688	6211
93000	10	701	64	9490	2327	1609	16977	6257
94000	24	740	88	9613	2243	1498	15421	6197
95000	21	714	96	9791	2170	1396	16604	6038
96000	11	830	81	9698	2148	1449	16012	6240
97000	14	706	77	9838	2115	1456	16809	6065
98000	15	710	77	9772	2254	1363	16103	6109
99000	11	745	79	9893	2174	1285	16246	6001
100000	16	694	79	9846	2213	1318	15600	6004
101000	14	764	97	9839	2117	1374	16287	5706
102000	23	696	78	9794	2134	1447	16192	6147
103000	15	786	74	9706	2177	1442	16129	6271
104000	29	679	102	9429	2460	1461	16009	6987
105000	22	803	68	9653	2328	1307	15624	6251
106000	27	766	91	9522	2246	1542	16855	6668
107000	18	691	90	9787	2309	1292	17015	6237
108000	20	688	79	9954	2122	1347	16899	5937
109000	11	716	85	10013	1935	1393	17113	5393
110000	24	761	79	10006	2084	1234	16707	5398
111000	16	785	89	9999	2009	1281	17117	5685
112000	11	754	80	9966	2071	1313	16942	5810
113000	11	686	74	9910	2125	1382	15779	5991
114000	12	784	81	10006	1982	1334	16538	5602
115000	14	790	93	10135	1974	1183	17031	4787
116000	14	805	97	10112	1920	1234	16845	5168
117000	11	801	89	9993	2010	1281	17163	5365
118000	13	866	78	10008	1973	1236	16780	5295
119000	23	699	82	10107	1969	1298	17269	5700
120000	17	735	77	9876	2043	1442	17093	5683
121000	14	725	60	10017	2000	1410	16771	5960
122000	12	722	84	10160	2025	1204	16812	5263
123000	22	702	89	10259	1874	1236	17736	5060
124000	15	679	88	10372	1723	1286	18236	5417
125000	22	745	75	10306	1824	1204	18441	4881
126000	23	711	90	10180	2011	1175	17246	5656
127000	14	809	82	10187	1845	1274	16058	5031
128000	15	784	81	10118	1921	1267	18599	5310
129000	16	827	94	10343	1724	1197	16929	4745
130000	15	740	84	10383	1735	1241	18439	5207
131000	18	818	86	10339	1631	1295	18095	5133
132000	12	778	82	10308	1746	1283	17649	5695
133000	17	750	76	10402	1750	1236	17992	5339
134000	17	837	95	10172	1834	1221	18961	5076
135000	18	728	78	10127	1923	1331	17006	5504
136000	25	778	72	10009	2052	1259	16398	5247
137000	21	729	92	9884	2163	1299	16469	5935
138000	25	740	77	9773	2233	1332	15775	5682
139000	18	798	81	9698	2225	1386	17159	5853
140000	18	732	81	9886	2160	1326	17470	6067
141000	19	810	93	9872	2084	1293	17431	5368
142000	16	710	88	10229	2019	1137	17617	5268
143000	20	787	70	10016	2086	1192	18219	5775
144000	13	795	84	10068	1908	1330	17114	5460
145000	21	821	80	10203	1782	1296	16688	5315
146000	16	742	91	10247	1862	1226	16903	5729
147000	7	792	90	10274	1849	1181	17301	5158
148000	16	829	80	10124	1803	1333	17330	4891
149000	22	780	102	9817	2113	1368	16575	5237
150000	24	783	79	9792	2033	1475	16083	6433
151000	16	714	85	9703	2131	1537	16620	6239
152000	17	739	92	9722	2166	1477	16112	6655
153000	21	760	69	9453	2469	1420	16205	6391
154000	19	701	68	9681	2353	1350	16923	6441
155000	13	771	94	9740	2329	1228	16421	5666
156000	24	716	77	9738	2337	1304	16338	6218
157000	19	769	85	9251	2649	1443	15969	6696
158000	21	731	86	9426	2539	1408	15472	6637
159000	16	768	81	9420	2358	1530	16701	6755
160000	21	773	73	9434	2416	1504	16825	6560
161000	22	784	82	9690	2105	1513	15507	6060
162000	11	788	81	9873	2067	1383	15952	5572
163000	16	833	64	10077	1959	1243	17113	5216
164000	15	807	66	10275	1844	1199	17377	5105
165000	17	795	73	10162	1813	1340	16500	5047
166000	17	718	77	10038	2018	1315	16874	5548
167000	17	777	73	10028	2020	1288	14910	5644
168000	21	706	81	10081	2087	1213	16924	6186
169000	15	739	92	9764	2268	1323	16138	5921
170000	25	765	83	9736	2087	1497	17053	6762
171000	16	756	89	9765	2139	1411	16064	5904
172000	14	757	68	9980	1999	1383	16315	5465
173000	14	775	105	10137	1935	1233	16673	5733
174000	14	746	70	10080	1930	1335	17898	5134
175000	20	805	80	9980	2018	1272	16605	5710
176000	14	708	80	9928	2058	1378	17534	5414
177000	13	730	67	9999	2002	1371	17039	5486
178000	24	716	90	9711	2201	1454	16273	6107
179000	18	775	66	9549	2345	1440	16080	6062
180000	26	726	73	9712	2260	1396	15524	6517
181000	21	755	75	9687	2221	1471	16674	6185
182000	16	741	85	9701	2154	1499	15543	6042
183000	10	695	69	9676	2346	1391	16425	5930
184000	28	783	83	9457	2314	1517	15503	6737
185000	12	714	80	9368	2517	1515	15870	6624
186000	18	693	84	9411	2410	1552	16095	7119
187000	16	741	93	9444	2416	1502	15252	6753
188000	26	750	85	9564	2239	1523	16356	6929
189000	24	706	89	9590	2359	1417	16893	6318
190000	14	763	78	9691	2220	1437	16939	6215
191000	17	729	88	9581	2260	1509	15664	5950
192000	24	760	82	9744	2220	1362	15398	6225
193000	19	808	69	9722	2103	1483	16698	6181
194000	11	739	77	9963	2032	1383	16211	5808
195000	22	785	69	9912	1915	1516	16802	5874
196000	23	823	76	9726	2009	1546	15924	5562
197000	21	738	78	9711	2257	1403	16936	6129
198000	14	708	72	9608	2303	1493	16407	5783
199000	20	730	73	9383	2393	1626	15228	6769
200000	16	805	73	9197	2377	1728	15957	6741
201000	29	766	78	9084	2750	1476	15862	7365
202000	23	724	79	9089	2587	1698	15607	7491
203000	12	719	68	9191	2523	1684	15450	6794
204000	14	708	77	9229	2702	1471	15650	7163
205000	21	713	96	9105	2734	1515	15396	6927
206000	22	679	70	9116	2635	1675	15620	7141
207000	21	711	75	8954	2698	1729	14949	7520
208000	25	722	76	8684	2886	1799	14959	7668
209000	33	609	79	8876	2857	1748	14813	7764
210000	20	680	71	8692	3058	1655	15166	8155
211000	18	694	89	8873	2823	1683	16081	7765
212000	24	744	65	9223	2608	1542	14936	6727
213000	24	743	85	9231	2497	1612	15581	6604
214000	20	737	87	9330	2423	1585	15374	7015
215000	24	732	77	8995	2628	1722	15540	7651
216000	26	740	73	9157	2635	1574	14677	6914
217000	15	743	66	9112	2534	1734	14957	6869
218000	13	765	80	8801	2717	1802	14797	7152
219000	16	733	83	8796	2804	1759	15330	7901
220000	27	738	73	8651	2839	1864	15323	7220
221000	21	803	63	8575	2928	1821	14542	7355
222000	22	729	71	8492	3027	1837	13862	8883
223000	22	715	65	8661	2854	1863	14524	7620
224000	27	702	63	8877	2799	1687	15406	7500
225000	28	698	76	8855	2851	1668	16078	7012
226000	20	734	81	9081	2749	1533	15388	7167
227000	20	768	73	9164	2455	1735	15660	6739
228000	22	698	92	9230	2461	1657	16518	7546
229000	20	719	76	9264	2400	1711	15550	7339
230000	20	719	75	9102	2431	1832	15780	7212
231000	19	718	76	9138	2618	1645	15919	6659
232000	19	681	82	9411	2356	1632	14719	6520
233000	31	708	81	9374	2505	1479	15865	6718
234000	19	719	73	9072	2797	1505	15582	6916
235000	23	646	70	9263	2733	1452	16103	7118
236000	21	781	81	9086	2576	1646	15252	7328
237000	20	801	72	9427	2336	1525	14896	7581
238000	11	763	78	9907	2145	1268	17122	5663
239000	15	850	70	10009	1890	1357	17482	4970
240000	11	859	80	10043	1928	1261	16850	5079
241000	9	822	91	10014	1962	1307	17285	5165
242000	21	785	66	10084	1877	1332	17033	5716
243000	19	700	73	10156	1977	1245	18053	5577
244000	15	690	75	10058	2075	1274	17191	5548
245000	13	749	96	9904	2097	1334	17176	5753
246000	14	708	67	10320	1889	1186	17274	5390
247000	13	796	66	10088	1942	1299	17731	5220
248000	12	796	91	9857	1984	1451	17702	5809
249000	17	775	72	9811	1950	1584	17021	5950
250000	18	729	81	9816	2080	1439	16263	5971
251000	26	757	88	9528	2312	1475	16154	6319
252000	16	680	64	9594	2421	1429	16039	6705
253000	21	733	87	9717	2216	1399	15796	5854
254000	21	814	73	9482	2352	1436	15340	6359
255000	19	806	73	9698	2065	1537	15507	6240
256000	17	812	68	9736	2127	1435	16368	5870
257000	27	724	80	9803	2212	1331	16800	6045
258000	18	753	84	9724	2338	1285	17155	5477
259000	15	760	75	9510	2363	1484	15982	6159
260000	18	817	83	9327	2256	1691	15518	6282
261000	26	720	76	9748	2146	1472	15984	6756
262000	18	816	68	10033	1914	1354	17372	5906
263000	9	766	73	9947	2023	1402	16470	5607
264000	14	734	82	9921	2055	1379	18555	5654
265000	18	741	57	9618	2428	1335	16304	6884
266000	13	758	67	9583	2329	1424	16152	6734
267000	17	744	78	9753	2090	1511	16492	5862
268000	15	783	69	9950	2066	1280	17245	5786
269000	15	802	85	9666	2168	1431	16485	5811
270000	15	735	60	9720	2290	1396	16187	5913
271000	9	695	91	9690	2201	1503	16479	6091
272000	18	823	98	9434	2321	1500	14608	6320
273000	22	701	72	9691	2266	1475	17275	6435
274000	28	716	71	9617	2273	1501	16064	6654
275000	28	698	82	9533	2379	1464	16712	7022
276000	10	748	78	9352	2388	1602	16339	6287
277000	15	764	79	9545	2287	1485	16066	6618
278000	20	804	78	9427	2471	1389	15374	6789
279000	27	698	74	9292	2611	1498	16297	7201
280000	22	772	69	9204	2559	1608	14978	6786
281000	11	768	70	9396	2331	1612	15537	6465
282000	17	720	69	9517	2314	1550	16091	7126
283000	24	755	92	9499	2340	1446	15602	6026
284000	18	737	85	9487	2228	1612	16171	6700
285000	15	786	82	9583	2216	1518	16665	5857
286000	14	764	78	9456	2306	1584	15543	6523
287000	27	805	69	9192	2371	1733	15877	6549
288000	20	775	100	9169	2465	1637	15921	7012
289000	18	651	71	9413	2315	1727	16447	7069
290000	14	767	92	9491	2354	1499	15333	6479
291000	26	682	79	9492	2456	1449	15997	6884
292000	20	707	96	9506	2497	1352	16603	6356
293000	19	793	69	9447	2361	1504	16341	6553
294000	10	687	65	9376	2392	1666	16385	6823
295000	16	767	76	9478	2287	1571	15794	6265
296000	15	701	54	9405	2421	1599	16564	6605
297000	17	730	77	9485	2359	1495	15025	6178
298000	22	785	79	9553	2229	1557	16530	6428
299000	20	740	84	9504	2292	1568	16586	6202
300000	22	707	76	9819	2193	1385	16451	5598
301000	15	720	72	9608	2188	1586	16902	6195
302000	15	761	79	9640	2222	1492	15387	6348
303000	19	746	86	9658	2323	1375	17029	5851
304000	20	798	67	9949	2135	1212	16040	6121
305000	21	815	102	9847	2186	1189	18374	5111
306000	18	771	70	9856	2144	1324	16319	5503
307000	9	691	81	10079	2173	1203	17693	5679
308000	18	693	92	10167	2087	1126	17457	5498
309000	9	895	75	9944	1984	1293	17105	5640
310000	14	773	84	9937	2044	1334	16991	5885
311000	14	802	61	9932	2053	1350	16066	5107
312000	19	758	106	9976	1973	1345	17212	5413
313000	9	814	75	10074	2012	1228	17449	5494
314000	12	694	74	10103	2131	1192	17329	5297
315000	16	883	74	9989	2028	1216	16605	4926
316000	15	706	83	9952	2128	1295	16784	6422
317000	15	782	80	10185	1814	1307	18193	4907
318000	20	788	79	10360	1786	1168	17972	4693
319000	16	732	78	10597	1643	1106	17672	4524
320000	13	777	61	10833	1530	989	18392	4257
321000	13	847	87	10804	1411	1038	18223	4517
322000	9	798	79	10873	1516	934	18493	4007
323000	16	815	77	10747	1532	995	18199	4379
324000	24	766	69	10476	1804	1061	17733	4933
325000	16	747	89	10407	1815	1114	17642	5050
326000	15	770	82	10041	1999	1305	17085	5040
327000	8	779	93	9949	1935	1408	17255	5271
328000	19	849	85	9874	2011	1381	15838	5939
329000	20	800	68	9951	1832	1514	16799	5857
330000	15	804	70	9860	1970	1472	16300	5952
331000	14	723	64	10037	2072	1282	17540	5541
332000	14	747	92	10149	2012	1159	16354	5645
333000	17	752	77	10151	1917	1288	18455	5462
334000	10	785	85	10170	2002	1144	16520	5125
335000	13	737	74	10282	1928	1179	17417	5284
336000	25	754	75	10265	1969	1109	17439	5369
337000	15	778	74	10120	1905	1322	16932	5234
338000	22	739	72	10157	1896	1289	17237	5556
339000	16	796	73	10186	1985	1159	16352	5110
340000	22	749	83	10109	2063	1162	17532	5741
341000	15	822	78	9896	2105	1287	17212	5280
342000	12	778	83	9966	2012	1337	17271	5294
343000	15	788	70	9743	2135	1441	15881	5554
344000	19	767	92	9640	2072	1564	17407	5414
345000	23	846	93	9853	1925	1451	16616	5647
346000	14	769	57	9835	2174	1365	16475	5591
347000	13	760	86	10034	1953	1346	18852	5817
348000	9	797	66	9989	2023	1329	16625	5571
349000	19	786	84	9877	2155	1283	16903	6163
350000	12	788	90	9717	2247	1342	15649	6090
351000	14	818	78	9811	2212	1267	16928	5872
352000	18	756	78	9939	2144	1233	17297	5675
353000	22	758	78	9814	2144	1379	16651	5790
354000	18	816	76	9896	2040	1381	15565	5689
355000	19	756	86	10044	1885	1391	16983	5177
356000	17	817	72	10156	1828	1321	16954	5175
357000	19	750	78	10453	1749	1133	18290	4541
358000	18	842	85	10312	1853	1091	17826	4726
359000	19	773	86	10268	1862	1182	17408	4974
360000	16	743	66	10263	1942	1130	17662	5505
361000	14	771	75	10427	1855	1071	17290	5582
362000	17	758	88	10445	1778	1124	17643	4271
363000	20	767	84	10461	1776	1077	17489	4568
364000	17	721	72	10416	1874	1107	18018	5107
365000	12	789	91	10414	1758	1102	17251	4807
366000	22	681	98	10254	1986	1149	17434	5138
367000	15	734	78	9979	2040	1355	16178	6045
368000	21	792	88	10029	1982	1253	17027	5377
369000	13	757	81	10110	2091	1154	17694	5588
370000	13	722	57	10188	2092	1138	17750	5409
371000	21	771	85	10150	1919	1250	16587	5639
372000	15	762	83	10241	2064	1013	17003	4862
373000	19	733	74	10138	2103	1126	18212	5441
374000	20	791	70	9898	2066	1331	15700	5764
375000	18	710	91	9898	2185	1257	16413	5699
376000	17	711	77	9766	2333	1276	16528	6039
377000	14	813	71	9607	2120	1581	16508	5734
378000	18	765	86	9666	2045	1596	16569	6647
379000	15	721	75	9490	2261	1627	15663	6799
380000	17	746	55	9483	2350	1532	15838	6460
381000	20	761	50	9619	2314	1436	16442	5974
382000	20	783	82	9642	2416	1237	16195	5925
383000	18	783	66	9698	2256	1379	16373	6629
384000	17	787	84	9778	2174	1338	16704	5709
385000	11	762	84	9869	2118	1369	16447	6215
386000	20	783	78	9905	2160	1255	16097	6160
387000	20	751	104	10018	2042	1254	17076	5468
388000	16	793	76	10082	1993	1225	17625	5115
389000	20	808	90	9956	2059	1266	17000	5537
390000	22	815	77	9894	2074	1289	17349	5457
391000	27	742	88	10132	2013	1193	16894	5144
392000	16	771	75	10030	2070	1217	16341	5809
393000	12	714	90	10050	2015	1304	17437	5773
394000	17	810	71	10129	2021	1125	17877	5222
395000	15	819	78	10170	1994	1102	17374	5059
396000	19	698	78	9941	2181	1278	18423	5932
397000	18	813	69	9924	2195	1199	16443	5545
398000	19	718	71	9688	2283	1415	15763	6918
399000	17	698	89	9725	2272	1397	16694	5967
400000	15	707	77	9737	2250	1387	16558	6252
401000	15	755	79	9527	2369	1428	15822	5991
402000	18	759	79	9502	2400	1469	16232	6476
403000	18	788	77	9250	2550	1517	14978	6629
404000	20	724	90	9260	2644	1461	16735	7462
405000	24	718	77	9363	2658	1358	15938	6828
406000	13	805	63	9285	2570	1455	15928	6399
407000	15	676	98	9515	2508	1369	16343	6566
408000	21	747	82	9903	2089	1351	15947	5731
409000	18	737	90	9902	2078	1345	17578	5757
410000	13	727	72	9860	2168	1346	17147	5904
411000	21	691	87	9875	2139	1388	17705	5851
412000	19	700	75	9869	2083	1442	16810	5445
413000	18	713	74	9651	2212	1535	16298	6398
414000	16	736	79	9698	2187	1471	15783	5959
415000	13	727	84	9906	2030	1417	16868	6322
416000	22	728	97	9518	2339	1470	16659	6218
417000	17	664	96	9490	2426	1494	15642	7162
418000	19	781	72	9640	2203	1461	16438	6242
419000	24	790	68	9794	2187	1362	16615	5898
420000	16	713	80	9754	2202	1418	15520	6515
421000	24	752	94	9981	2067	1262	16179	5791
422000	15	765	67	9932	1944	1452	16228	5679
423000	21	880	79	9943	1904	1344	16574	5334
424000	13	776	72	10074	1958	1300	17315	5824
425000	20	763	104	10167	1768	1374	16356	5374
426000	11	692	79	10181	1798	1449	17380	5313
427000	26	809	59	9921	1884	1462	17440	5792
428000	21	841	69	10106	1754	1406	17674	5409
429000	20	723	79	9938	2022	1422	17040	5680
430000	15	783	62	10028	1950	1377	17876	5474
431000	18	725	78	9808	2180	1391	17220	6363
432000	26	734	66	9797	2180	1376	16849	6070
433000	16	693	69	9804	2157	1445	16833	6179
434000	15	708	68	9814	2167	1416	16799	5897
435000	20	752	90	9760	2230	1324	17323	6065
436000	16	719	89	9820	2281	1281	17593	5568
437000	20	796	76	9870	2071	1366	16029	5783
438000	12	773	75	9938	1893	1513	16712	5734
439000	24	749	84	10094	1988	1263	17333	5339
440000	16	763	73	9900	2136	1317	17364	5624
441000	11	763	74	9965	2059	1307	17615	5795
442000	16	745	101	10238	1843	1242	17421	5163
443000	18	724	70	10159	1993	1206	17277	4921
444000	19	768	71	10090	2003	1250	17162	6212
445000	20	672	89	10033	2210	1181	16810	6129
446000	12	748	56	9843	2283	1261	17465	5448
447000	14	808	83	10045	1966	1266	16824	5315
448000	20	722	72	9833	2129	1446	17060	5938
449000	17	696	89	9995	2060	1320	17009	6109
450000	17	823	87	10180	1818	1262	17141	5391
451000	16	787	84	10026	2018	1258	17912	5535
452000	13	782	74	10087	1930	1306	17049	5545
453000	17	775	70	10236	1777	1314	17190	5377
454000	14	744	70	10207	1957	1204	16243	5644
455000	16	777	72	10097	2001	1227	16533	5128
456000	23	703	86	9966	2105	1297	17235	5391
457000	11	773	76	9901	2030	1412	16858	5536
458000	24	777	84	9961	1993	1353	17919	5523
459000	9	734	84	9909	2148	1327	17567	5512
460000	16	798	76	10069	1994	1230	16799	5242
461000	14	770	83	10090	1927	1321	17255	5903
462000	17	766	84	10042	1995	1280	17295	5694
463000	18	785	83	9994	1989	1322	17135	6273
464000	12	796	81	10049	2000	1279	16738	5294
465000	13	817	90	10041	1907	1331	17052	6319
466000	11	794	79	10143	1873	1325	16132	5239
467000	18	750	73	10062	1998	1300	17354	5456
468000	17	736	74	10132	1955	1285	18412	5352
469000	20	832	78	9937	2088	1256	16271	5775
470000	23	811	70	9696	2166	1451	16886	5570
471000	19	740	71	9791	2194	1363	17491	6198
472000	16	776	84	9735	2056	1515	15275	6048
473000	19	769	95	9760	2165	1405	16493	5790
474000	16	776	81	9783	1990	1520	17341	6092
475000	16	704	75	10113	2052	1234	17103	5231
476000	17	711	79	9639	2279	1453	16944	6376
477000	17	731	71	9567	2395	1407	16339	6333
478000	13	726	65	9324	2519	1558	15302	6548
479000	9	823	75	9415	2406	1503	15649	6529
480000	19	767	89	9095	2555	1665	15197	6480
481000	23	764	87	9079	2638	1608	15361	6746
482000	19	682	76	8882	2892	1665	15274	6974
483000	29	753	81	8907	2794	1612	14993	7121
484000	28	778	83	8912	2742	1628	15357	7259
485000	26	726	74	8886	2861	1628	13892	7560
486000	14	728	70	8823	2863	1674	14529	8343
487000	23	662	66	8950	2839	1635	16387	7325
488000	19	726	85	8460	2960	1934	14058	7984
489000	26	744	77	8238	3184	1910	14554	8436
490000	19	754	68	8569	3015	1762	14769	8024
491000	20	702	63	8617	3043	1727	14668	7348
492000	28	712	82	8542	2827	1971	14052	8051
493000	28	776	64	8571	2933	1826	14300	8045
494000	18	693	78	9027	2622	1747	16248	8030
495000	20	746	65	9133	2564	1663	15763	7091
496000	14	758	74	9233	2507	1632	15768	7028
497000	22	707	86	9275	2633	1466	16122	6889
498000	25	775	68	9465	2518	1353	15836	6227
499000	22	721	85	9366	2533	1472	15580	6649
