0	0	0	0	14400	0	0	0	0
1000	42	535	1018	11855	195	60	35498	513
2000	45	489	1057	11763	190	85	35679	481
3000	71	567	1070	11689	80	96	34017	651
4000	79	626	1017	11595	218	75	34031	703
5000	66	602	978	11771	216	59	36286	832
6000	33	503	1014	11784	131	248	35298	1114
7000	58	631	1004	11395	336	208	33332	1583
8000	60	518	1070	11274	467	214	33324	2095
9000	46	571	973	11396	436	271	32529	2221
10000	64	639	946	11445	404	202	34327	1767
11000	69	562	981	11144	657	297	33870	2735
12000	50	569	994	11269	594	225	33986	2509
13000	66	538	1076	11142	530	304	32331	1888
14000	49	557	978	11220	565	303	33517	2628
15000	74	586	1018	10832	775	373	32856	2936
16000	48	598	1086	10887	733	315	32867	3046
17000	70	509	1055	10887	812	322	33217	2948
18000	100	556	917	11063	861	204	32629	3105
19000	98	533	1137	10829	774	216	33103	2974
20000	48	587	977	11075	672	331	32304	2971
21000	65	552	1090	10817	733	395	32643	3280
22000	59	614	1087	10886	645	325	32797	2881
23000	82	490	1086	10864	771	300	33834	2958
24000	57	534	992	10700	988	404	32811	3455
25000	78	553	978	10644	1114	285	31805	3910
26000	82	533	1155	10536	1081	234	32739	3733
27000	47	527	1151	10664	952	259	33082	3701
28000	61	541	1001	11028	754	318	32668	3066
29000	70	491	991	11141	680	335	33009	3161
30000	74	660	974	11158	519	293	32853	2118
31000	64	585	975	11041	632	372	32839	2551
32000	70	597	1064	10776	685	383	32856	2610
33000	66	515	1156	10800	668	372	34656	2879
34000	84	468	1037	10702	944	392	32790	3899
35000	69	539	978	10815	792	473	32184	3638
36000	73	574	996	10778	751	512	32117	3629
37000	57	579	961	10871	913	314	32200	3379
38000	83	486	1089	10533	1073	337	31151	3672
39000	75	529	1161	10407	1027	422	31590	3625
40000	87	571	1110	10529	955	334	31248	3567
41000	66	588	910	10996	824	330	32735	2859
42000	51	549	938	11165	672	351	33484	2493
43000	50	614	948	11093	656	359	33444	2949
44000	73	530	952	10901	894	343	31961	3160
45000	101	513	1158	10569	891	339	32547	3379
46000	99	543	1044	10481	1124	367	32115	4073
47000	105	575	1107	10075	1282	437	31729	4539
48000	83	497	1127	9723	1635	530	30025	5738
49000	108	556	1067	9875	1443	572	28907	4983
50000	73	526	1011	10359	1300	365	31830	5227
51000	97	576	1107	10238	1181	432	31421	4802
52000	66	491	991	10556	1076	496	31041	4605
53000	92	595	899	10517	939	690	32031	4699
54000	95	518	1029	10492	1082	467	31885	4005
55000	65	556	1086	10198	1198	559	29631	4640
56000	89	566	1060	10251	1218	457	31630	4156
57000	89	510	1020	10643	942	449	31528	3737
58000	78	526	1043	10684	885	443	31864	4212
59000	90	601	1088	10422	936	481	31499	3853
60000	88	620	963	10396	1143	478	29275	4315
61000	69	507	945	10490	1300	383	31253	4995
62000	74	476	969	10594	1260	303	32506	4792
63000	83	553	1036	10325	1169	463	29888	5028
64000	61	554	933	10367	1138	708	30608	5108
65000	77	481	980	10256	1322	548	29663	4895
66000	98	508	1028	10249	1290	485	30917	4920
67000	66	519	1042	10153	1443	438	29800	5574
68000	98	499	1069	9950	1534	460	30685	5481
69000	84	518	1146	9896	1536	409	29806	4743
70000	95	548	1067	10144	1297	469	30567	4729
71000	95	510	1109	10543	891	486	32177	3862
72000	90	502	996	10644	915	517	32002	4207
73000	79	550	1052	10620	880	476	32038	3555
74000	58	530	1084	10647	868	414	32018	3541
75000	117	501	1052	10527	1096	328	31462	4130
76000	106	515	1101	10602	850	454	32815	4812
77000	57	530	940	10920	810	442	32384	3361
78000	60	507	1029	11011	612	514	33557	3212
79000	62	493	1009	10870	678	557	32727	3448
80000	74	486	953	10928	833	422	32219	3858
81000	84	577	980	10776	908	358	31847	3890
82000	92	516	1171	10647	845	311	33205	2738
83000	57	580	1037	10760	970	252	32174	3289
84000	68	530	945	10708	1103	346	32202	4304
85000	77	541	1072	10273	1223	470	31034	4639
86000	107	555	1078	10108	1233	489	32237	4308
87000	76	539	1076	10247	1110	608	31259	4520
88000	87	507	1046	10497	1027	494	32789	4325
89000	93	552	1011	10676	1005	324	31782	4171
90000	97	532	1122	10294	1231	346	31445	4397
91000	78	508	1065	10648	964	394	31190	4451
92000	75	561	1127	10396	1017	409	32070	4097
93000	84	459	1258	10397	899	435	33982	3505
94000	82	532	1109	10903	670	283	33794	3310
95000	88	552	925	11272	572	293	32785	2235
96000	55	563	1084	11015	554	347	33859	2367
97000	67	580	918	11263	585	334	33056	2459
98000	65	574	1166	10778	700	326	33785	2917
99000	72	572	979	11095	741	258	33179	3254
100000	64	550	950	10874	889	354	30690	3446
101000	62	552	1063	10921	731	318	33626	2994
102000	79	488	1060	10789	764	450	32137	3208
103000	77	538	894	10902	903	421	32667	3373
104000	68	508	1026	10856	743	450	32344	3104
105000	79	611	999	11020	578	464	33204	2727
106000	50	556	957	11159	646	354	33275	2868
107000	60	602	1128	10656	567	550	32883	2813
108000	64	570	980	10792	748	493	32503	3436
109000	67	579	935	11055	638	411	31886	3364
110000	62	541	1069	10889	639	418	32721	2430
111000	48	511	1025	10884	875	348	31490	3034
112000	88	590	946	11065	790	278	33129	3395
113000	68	584	1091	10972	724	211	33141	2954
114000	58	486	1132	11223	498	211	33736	2325
115000	52	516	971	11428	604	156	35458	2102
116000	93	509	993	11224	582	226	35575	1932
117000	69	588	1103	11155	545	135	33101	1876
118000	70	590	1066	11204	534	212	33860	2083
119000	84	650	942	11245	558	223	33570	2046
120000	74	510	1067	11284	570	139	33114	2151
121000	66	545	1008	11438	468	140	34063	1825
122000	58	574	945	11505	507	131	33825	1866
123000	64	575	1045	11522	373	68	34613	1542
124000	49	711	1072	11452	315	55	33172	1316
125000	42	592	1029	11435	472	109	34496	1244
126000	82	554	1067	11239	522	140	33998	1460
127000	59	550	855	11506	567	213	34396	1971
128000	73	572	1051	11245	446	257	34837	2305
129000	72	574	1054	11160	517	269	32675	2265
130000	56	476	1008	11504	436	223	32363	1886
131000	86	555	1070	11159	504	233	33981	2074
132000	81	496	1089	11222	451	312	33633	1982
133000	50	573	963	11396	436	305	35118	1740
134000	59	579	944	11460	386	293	33116	1897
135000	70	525	1104	11271	387	267	34175	1710
136000	89	565	1083	11327	355	205	33491	1498
137000	71	569	938	11586	276	274	34957	1851
138000	46	532	1024	11706	158	172	35708	1002
139000	49	576	997	11747	218	86	34750	727
140000	41	554	1107	11660	158	126	34551	987
141000	22	520	999	11907	149	115	36549	779
142000	55	531	868	12020	235	86	36030	873
143000	43	544	1005	11720	245	97	33225	876
144000	50	476	1154	11573	134	194	34955	943
145000	36	627	1071	11569	194	144	34360	786
146000	71	621	1092	11573	215	46	35298	1022
147000	44	535	945	11955	243	33	35997	571
148000	70	603	1114	11690	55	97	35373	614
149000	54	620	1018	11865	38	70	35272	376
150000	45	587	1027	11939	24	76	35179	255
151000	54	586	1020	11849	69	56	37609	129
152000	55	586	1179	11698	51	26	35554	207
153000	49	624	1074	11888	32	31	34520	425
154000	56	597	1039	11864	41	61	35201	316
155000	69	613	1030	11831	31	80	34508	357
156000	30	603	962	12057	33	67	35107	294
157000	71	612	980	11968	10	40	35721	84
158000	51	551	1002	11992	21	81	35427	194
159000	47	617	1015	11856	51	93	35434	501
160000	60	585	991	11972	23	37	36205	143
161000	25	526	990	12117	46	21	34825	251
162000	40	640	1069	11761	81	67	34580	402
163000	49	633	1079	11774	86	92	33749	519
164000	68	709	1136	11447	109	67	33634	564
165000	53	605	1135	11605	141	61	34374	541
166000	44	589	1006	11843	136	85	33680	653
167000	77	593	1027	11745	118	96	35349	685
168000	50	600	978	11859	110	122	34204	556
169000	58	604	985	11702	152	186	33940	904
170000	46	553	1023	11793	150	125	35722	688
171000	64	502	860	12127	91	81	35356	605
172000	41	523	1095	11885	75	66	34373	540
173000	54	586	1040	11724	144	77	36134	562
174000	68	579	1048	11757	125	61	34456	596
175000	60	593	1024	11737	222	59	35189	765
176000	45	560	1103	11802	127	20	35310	472
177000	68	628	999	11746	196	30	34890	533
178000	55	585	1009	11936	63	31	34731	199
179000	61	588	1052	11893	23	25	34786	219
180000	50	579	1063	11943	21	4	35639	108
181000	61	586	1043	11955	0	2	35372	24
182000	43	546	1092	11928	0	7	35794	39
183000	57	594	1081	11884	0	0	35204	16
184000	40	598	1083	11980	0	0	36233	2
185000	56	538	1027	11855	138	7	34951	329
186000	54	647	972	11874	117	34	35201	384
187000	42	529	957	12044	103	25	35988	286
188000	70	528	966	12105	58	24	36501	312
189000	61	572	1152	11746	28	23	35434	187
190000	40	605	1014	11915	21	11	36007	180
191000	62	611	945	12049	4	22	34616	100
192000	41	564	1048	11974	12	34	35600	114
193000	63	626	968	12041	0	30	36215	80
194000	62	507	1128	11950	0	0	36709	2
195000	37	661	982	11953	55	0	34718	125
196000	67	600	1137	11762	54	2	35959	87
197000	48	580	862	12164	75	20	35664	324
198000	60	585	1060	11799	56	76	35668	369
199000	47	537	1187	11712	63	17	36597	250
200000	56	550	988	11965	52	60	34619	167
201000	42	653	928	11952	98	87	36149	705
202000	53	544	1054	11721	167	137	35019	660
203000	63	607	987	11782	136	115	35168	546
204000	58	518	944	11811	135	235	35752	787
205000	45	607	970	11733	110	201	34646	1134
206000	34	594	1137	11598	167	95	34333	835
207000	61	659	1003	11579	234	101	35136	787
208000	81	605	1146	11490	224	66	33802	993
209000	68	662	943	11721	204	61	33721	650
210000	59	575	972	11891	148	74	35128	731
211000	43	592	974	11851	110	201	34309	778
212000	75	613	1055	11618	180	132	34082	819
213000	50	507	1002	11742	270	74	34526	877
214000	59	516	926	12009	158	61	36090	776
215000	56	522	1062	11710	180	121	35454	772
216000	46	513	995	11813	189	104	34777	831
217000	43	558	987	11644	274	106	34910	1295
218000	39	572	1039	11788	216	86	34815	825
219000	71	538	946	11857	251	54	35026	714
220000	60	544	1033	11704	268	91	35695	988
221000	66	572	1172	11400	351	50	35040	860
222000	60	634	997	11470	474	118	33242	1837
223000	59	521	965	11746	302	145	34713	1293
224000	39	491	1028	11527	417	124	34439	1501
225000	50	609	973	11619	263	191	33104	1333
226000	54	571	1102	11307	403	170	34219	1411
227000	54	552	1043	11245	483	254	33397	1734
228000	66	518	1142	11182	492	208	33837	2472
229000	52	568	1106	11421	400	93	33725	1235
230000	68	550	1034	11483	365	131	34367	1536
231000	66	626	1014	11434	432	127	35512	1699
232000	67	591	1128	11169	431	231	34352	1972
233000	61	616	1032	11211	461	301	33979	2096
234000	70	610	937	11502	315	254	32886	1342
235000	38	541	1081	11518	210	262	34311	1497
236000	52	551	940	11569	363	220	35714	1540
237000	74	584	1113	11357	322	150	33943	1367
238000	69	544	1171	11407	195	145	35076	1168
239000	63	547	1092	11515	271	117	35668	973
240000	61	583	981	11693	230	176	35464	1018
241000	59	600	1014	11636	277	105	34342	920
242000	59	590	928	11715	237	200	33905	1335
243000	53	593	980	11604	243	219	33515	1251
244000	58	577	974	11726	196	161	34225	1254
245000	55	523	907	11804	263	194	34526	1045
246000	53	506	1135	11360	362	169	35201	1412
247000	59	533	1083	11267	430	250	33555	1867
248000	79	627	992	11409	279	246	33335	1416
249000	53	550	999	11830	176	116	35544	811
250000	66	598	1067	11456	189	229	34067	1196
251000	69	575	1082	11427	349	205	34625	1392
252000	58	569	1012	11260	541	211	32946	2004
253000	88	628	1118	11005	487	226	33488	1983
254000	81	548	1064	11326	421	166	34099	1747
255000	81	572	964	11416	454	176	34844	1825
256000	62	552	1000	11518	402	159	35842	1554
257000	45	512	1032	11339	455	294	33589	1908
258000	55	521	1027	11248	505	251	32988	2070
259000	52	631	1044	11060	631	214	33723	1888
260000	98	510	1103	11064	700	134	33846	2174
261000	81	639	931	10863	880	284	33028	3174
262000	60	525	1099	10906	847	202	31048	2805
263000	55	555	1067	11105	555	312	33238	2790
264000	56	490	1109	11146	565	264	32577	2527
265000	68	666	1055	10926	616	256	32852	2236
266000	67	557	912	11331	652	210	34062	2221
267000	55	496	988	11452	421	270	34005	1745
268000	77	531	1168	11110	485	240	33188	2038
269000	51	563	1081	11229	467	254	34313	1750
270000	45	563	1150	11015	596	254	33057	2391
271000	64	515	1084	10800	686	437	32790	3037
272000	64	530	1064	11011	686	329	31919	3258
273000	68	540	1000	11025	696	302	33943	2982
274000	56	536	976	11222	719	236	33370	2733
275000	75	547	1170	10994	587	234	34131	2360
276000	70	586	1011	11266	504	226	33339	1959
277000	69	540	1018	11381	480	201	34512	2101
278000	60	574	1110	11128	528	230	32697	2170
279000	76	604	1054	11284	490	169	34021	1915
280000	88	561	1053	11189	565	204	32322	2334
281000	55	560	1011	11206	575	251	34633	2495
282000	80	602	1097	11128	434	238	32774	1498
283000	77	591	1008	11259	512	192	33001	1748
284000	55	601	942	11476	494	124	33604	1828
285000	64	604	1028	11398	379	199	33461	1543
286000	58	568	960	11495	386	252	35139	1872
287000	63	564	978	11530	346	199	34584	1580
288000	56	604	1032	11421	323	250	34173	1541
289000	50	529	1051	11490	433	137	35211	1724
290000	53	577	915	11490	498	184	34007	1764
291000	50	562	1091	11340	485	139	34142	1804
292000	61	577	1058	11479	366	130	33688	1468
293000	91	537	1081	11308	428	207	34690	1676
294000	73	537	998	11358	568	179	32753	2011
295000	86	600	998	11285	445	282	33134	2043
296000	54	531	1099	11443	353	205	34807	1949
297000	50	567	947	11613	368	175	33766	1743
298000	55	563	1029	11610	275	138	34131	1166
299000	65	539	1054	11797	122	110	35001	834
300000	55	547	1092	11663	170	100	36070	697
301000	53	606	1068	11568	209	97	34769	786
302000	47	609	919	11930	225	47	36420	550
303000	65	588	1030	11812	149	56	35661	433
304000	74	528	1008	11736	160	148	35260	975
305000	67	586	1090	11654	144	66	34682	613
306000	36	555	995	11996	127	30	34799	453
307000	45	564	1034	11900	75	34	36207	340
308000	55	615	1057	11860	77	10	34241	145
309000	49	669	896	12015	109	0	34905	222
310000	57	528	1002	11994	85	28	35369	272
311000	58	524	936	12090	76	45	35565	219
312000	45	559	1152	11676	103	70	37138	365
313000	56	614	1014	11837	72	71	35270	313
314000	48	576	937	11948	92	191	34724	484
315000	88	630	1019	11673	94	127	35053	803
316000	55	529	1020	11864	170	58	36449	587
317000	65	631	998	11747	216	22	34599	658
318000	31	563	1003	11836	169	74	35477	738
319000	56	611	1089	11501	244	134	34665	892
320000	56	552	1019	11862	88	89	33989	521
321000	52	644	1142	11736	11	28	35853	133
322000	37	623	1007	11974	11	3	35167	82
323000	34	593	955	12149	11	0	33617	105
324000	39	558	1050	12017	16	0	35378	45
325000	56	641	1034	11913	0	0	35788	7
326000	45	566	1049	11890	78	2	34513	191
327000	63	634	1101	11764	33	1	35993	65
328000	45	535	1029	12032	0	0	35878	7
329000	61	594	990	11899	91	45	35016	479
330000	49	532	1192	11772	32	21	35763	183
331000	72	580	1074	11857	17	16	35054	144
332000	62	573	1080	11918	11	5	35773	40
333000	55	542	1085	11911	16	15	36694	93
334000	43	582	1160	11813	59	4	35503	122
335000	55	586	1060	11898	27	16	36379	214
336000	43	583	992	11956	73	39	36658	237
337000	48	574	948	12009	129	20	36908	342
338000	52	531	1061	11888	55	52	35776	227
339000	44	542	987	11927	144	59	36097	493
340000	52	537	1021	11935	49	59	35139	218
341000	51	616	1055	11834	52	68	35801	293
342000	62	554	1112	11698	95	80	35118	372
343000	44	499	993	11952	59	137	36058	586
344000	65	559	1026	11828	77	90	35123	436
345000	52	589	1037	11815	75	106	34814	833
346000	53	593	1066	11725	152	58	34855	546
347000	56	637	988	11771	179	92	34469	719
348000	66	532	1103	11562	307	81	36520	1087
349000	72	545	951	11757	291	106	35187	1254
350000	61	645	960	11639	227	100	35118	850
351000	45	613	972	11642	262	156	34929	1060
352000	63	705	1030	11443	283	154	33461	1299
353000	53	532	1060	11572	315	96	34754	1038
354000	35	491	1035	11734	274	75	34399	1206
355000	72	558	1091	11404	328	160	35483	992
356000	60	573	1058	11640	192	144	33686	889
357000	45	578	1115	11589	179	145	35044	711
358000	51	637	1015	11620	272	111	34486	1026
359000	55	532	964	11623	310	192	34228	1063
360000	63	553	1069	11566	284	88	34836	1116
361000	48	562	1026	11708	199	150	36731	911
362000	39	530	1044	11682	227	156	34804	880
363000	54	557	1032	11452	399	205	34746	1335
364000	72	508	1021	11538	366	168	34613	1319
365000	65	537	1057	11398	416	141	34111	1580
366000	65	547	1189	11295	334	156	34547	1150
367000	49	594	928	11706	353	134	34605	1496
368000	83	634	1041	11459	299	158	35174	1280
369000	56	482	997	11684	321	168	35505	1292
370000	65	563	1058	11450	301	167	34903	1376
371000	68	544	956	11767	200	162	35186	1225
372000	41	543	938	11939	177	78	34361	546
373000	59	540	1147	11653	103	48	35644	341
374000	78	568	987	11880	91	68	35696	440
375000	38	562	1122	11856	28	31	35205	324
376000	35	538	1171	11802	64	14	34685	376
377000	58	644	1132	11609	114	19	33792	383
378000	66	552	1057	11907	65	10	35687	258
379000	41	578	1009	11938	119	8	35365	358
380000	47	650	986	11877	84	25	36542	393
381000	75	595	1033	11882	7	32	35078	181
382000	59	590	1060	11834	39	33	34669	206
383000	51	608	1008	11946	41	22	35240	172
384000	76	638	1173	11611	73	14	34806	189
385000	43	521	1054	11905	104	14	35356	325
386000	39	566	945	12008	116	72	36461	414
387000	53	594	1116	11680	148	48	34737	651
388000	63	601	1047	11671	144	71	35582	533
389000	46	562	1117	11763	58	71	34179	301
390000	64	523	919	12178	64	11	35655	140
391000	69	556	1088	11732	122	47	35168	362
392000	54	581	1065	11843	74	39	35429	335
393000	53	557	995	11987	103	23	35739	275
394000	42	575	1084	11866	67	17	34032	288
395000	46	560	1020	11950	89	5	36903	209
396000	64	603	1162	11753	23	8	34906	138
397000	51	565	1099	11838	68	0	35122	168
398000	36	556	1033	11996	40	1	33639	88
399000	49	644	1106	11893	1	6	35211	96
400000	68	562	1060	12000	0	1	35684	49
401000	33	581	985	12091	0	3	35616	28
402000	37	552	1098	12016	7	12	36051	50
403000	36	692	1043	11884	0	0	36180	14
404000	59	565	996	11920	138	37	35441	375
405000	52	552	917	11986	128	104	35014	701
406000	62	575	953	11826	163	93	34074	626
407000	45	583	918	11996	125	79	34930	658
408000	47	490	989	11926	97	117	35031	582
409000	50	579	1012	11772	189	116	35105	855
410000	56	530	1049	11575	238	236	34227	1322
411000	54	623	942	11756	207	165	35306	1081
412000	71	509	1147	11540	213	121	35514	922
413000	60	481	1101	11572	250	142	34835	1405
414000	39	578	1139	11492	263	95	34911	1100
415000	62	568	1169	11399	220	133	34283	1075
416000	35	574	1071	11834	103	82	35377	718
417000	44	563	1140	11772	58	40	35319	303
418000	58	599	1083	11806	71	6	34723	354
419000	45	575	1084	11911	23	13	35371	159
420000	47	627	1103	11791	39	38	35596	168
421000	63	541	1091	11818	159	49	34827	481
422000	47	517	1139	11607	213	77	34453	621
423000	33	652	1140	11480	189	118	34648	1048
424000	75	474	992	11814	185	149	34405	847
425000	39	562	1003	11593	310	167	35148	1140
426000	57	497	1008	11676	292	164	34812	1302
427000	62	540	1101	11417	349	122	36014	1308
428000	77	572	1133	11346	376	131	34624	1496
429000	65	587	1123	11468	272	107	33829	1048
430000	50	547	1088	11500	325	119	34683	1161
431000	69	573	1004	11600	285	167	34504	924
432000	48	662	960	11680	251	117	34046	1017
433000	87	533	1018	11720	205	104	35313	910
434000	49	651	1040	11693	153	62	34411	917
435000	62	560	1024	11691	236	105	33366	879
436000	36	550	1060	11696	229	114	35142	1055
437000	67	667	954	11545	252	210	34641	1195
438000	47	639	1093	11410	366	139	33476	1492
439000	58	540	1090	11711	196	56	35214	603
440000	41	566	978	11814	216	53	35794	706
441000	60	601	1013	11621	293	57	34886	969
442000	28	566	1070	11661	191	117	33514	754
443000	43	621	1031	11726	167	60	35115	666
444000	67	605	1108	11726	71	41	34405	353
445000	58	575	1159	11637	101	41	35522	289
446000	35	514	943	12085	102	96	36643	441
447000	48	634	1042	11817	36	128	35533	507
448000	46	572	1049	11801	59	134	35177	599
449000	48	555	1048	11887	32	106	35737	393
450000	82	568	1136	11765	8	43	35816	261
451000	62	563	1138	11858	11	0	36124	52
452000	48	623	977	12024	3	6	36530	14
453000	40	542	952	12226	0	0	36957	1
454000	59	595	1017	11858	156	36	34958	512
455000	52	518	1079	11830	63	82	35825	440
456000	79	568	970	11869	63	137	34700	530
457000	83	542	1079	11775	74	49	36216	345
458000	38	681	1070	11666	111	92	34806	552
459000	44	604	1115	11699	128	19	34880	289
460000	38	604	1071	11810	114	29	36514	456
461000	69	605	1138	11644	116	57	35512	631
462000	41	596	1193	11596	142	96	35328	585
463000	56	546	1136	11496	232	170	34977	1007
464000	36	557	1081	11685	148	171	35097	888
465000	74	600	926	11727	169	159	34442	943
466000	36	615	1074	11613	131	133	35630	839
467000	59	620	988	11802	124	108	35116	873
468000	55	630	999	11665	175	129	34420	1036
469000	43	653	1029	11721	109	125	32809	890
470000	70	531	1093	11632	172	127	35092	1022
471000	58	602	1138	11699	70	40	35328	380
472000	62	546	977	11950	92	41	34786	285
473000	39	698	1011	11882	73	40	34481	357
474000	52	596	1028	11866	37	28	35007	153
475000	37	555	1016	12014	53	11	35855	194
476000	75	575	1170	11677	48	26	35149	100
477000	60	568	1084	11906	9	4	35484	22
478000	45	536	1147	11748	106	6	34453	275
479000	61	577	1071	11782	76	30	34920	321
480000	51	516	1039	11995	53	13	35725	447
481000	62	568	1031	11950	26	3	36531	83
482000	74	636	1080	11884	5	0	35616	38
483000	44	563	1066	11776	148	4	36666	313
484000	58	553	1083	11736	179	47	34634	461
485000	58	631	961	11888	139	56	34408	572
486000	48	559	1040	11776	137	129	35603	524
487000	64	622	1041	11745	129	59	34873	459
488000	60	568	972	12036	59	60	36305	430
489000	49	594	987	12014	14	59	35723	249
490000	53	605	1013	11870	46	93	34012	285
491000	78	565	956	11818	71	208	35207	722
492000	77	536	987	11803	148	120	34418	867
493000	65	619	911	11790	153	181	34390	685
494000	36	552	995	11788	199	116	36201	922
495000	46	617	972	11766	193	106	33758	903
496000	42	501	968	11833	269	61	35060	1094
497000	63	581	986	11674	292	65	35533	1255
498000	55	578	1002	11714	219	60	35142	1047
499000	64	541	1125	11586	225	49	36104	1034
