0	0	0	0	14400	0	0	0	0
1000	201	318	4764	8251	32	57	37111	135
2000	205	286	6001	6982	18	0	39167	90
3000	251	309	5877	7100	0	3	37643	4
4000	248	239	6288	6674	38	1	37290	129
5000	293	334	6069	6692	105	7	36944	168
6000	275	303	5946	6857	103	8	34700	281
7000	308	269	5914	6987	4	18	36029	108
8000	296	310	5854	7000	24	33	36275	89
9000	234	243	6141	6829	20	2	39396	27
10000	233	269	6435	6469	51	1	38194	147
11000	221	262	6171	6743	98	38	37992	451
12000	250	227	5784	7022	294	23	36874	1020
13000	256	274	5815	6907	262	67	35933	881
14000	292	260	6468	6104	180	166	35222	740
15000	285	264	6383	6243	182	29	35788	683
16000	251	263	6416	6224	191	86	35573	872
17000	265	186	6543	6217	191	67	36631	793
18000	246	234	6391	6474	154	41	36498	467
19000	239	241	5967	6864	162	14	37103	608
20000	220	307	5980	6866	115	18	36084	527
21000	251	275	6585	6127	99	83	35236	532
22000	260	280	6190	6623	95	4	36315	166
23000	248	242	6318	6576	78	31	37240	368
24000	271	259	6295	6465	153	20	36961	541
25000	227	263	6066	6878	90	40	37089	280
26000	268	268	6240	6627	88	53	36783	461
27000	226	269	5999	6926	41	45	37733	279
28000	210	267	6340	6608	0	3	37143	40
29000	237	267	6390	6474	74	6	38211	323
30000	283	252	6420	6453	67	12	37662	122
31000	210	233	6052	6939	85	8	37830	149
32000	229	300	6003	7013	14	0	36067	26
33000	226	320	5959	6997	27	0	37567	55
34000	245	254	6084	6834	0	0	37589	16
35000	266	271	6071	6737	54	11	36503	154
36000	240	276	5941	7018	30	23	37065	106
37000	249	311	5965	6934	9	0	37972	28
38000	284	252	6563	6194	89	34	37223	400
39000	273	261	6380	6433	108	4	37429	287
40000	198	262	5744	7246	77	20	38099	242
41000	271	292	6234	6710	5	12	35847	32
42000	221	272	5938	7072	30	4	36322	137
43000	234	262	6096	6917	0	0	36719	8
44000	222	267	5811	7147	31	4	37991	164
45000	235	324	5449	7331	212	27	36058	680
46000	230	275	5686	7250	126	7	35561	467
47000	248	230	6228	6563	191	23	36939	455
48000	276	280	6116	6628	163	53	36709	737
49000	267	270	5816	7012	80	53	37121	463
50000	230	305	5956	6900	143	22	37776	569
51000	221	220	5963	6900	139	66	36910	756
52000	256	246	5997	6757	177	80	36449	776
53000	281	273	5862	6878	139	48	37282	560
54000	252	287	5984	6769	153	74	37075	606
55000	222	324	5941	6835	204	15	37451	599
56000	228	313	6079	6731	67	12	38529	122
57000	214	287	5728	7230	14	1	38363	77
58000	234	256	6152	6841	44	0	38391	0
59000	267	261	6253	6693	0	0	35949	17
60000	291	232	6403	6501	28	3	36148	160
61000	216	265	6054	6970	0	1	37748	16
62000	213	262	6147	6802	68	3	36092	157
63000	255	246	6405	6491	54	3	36471	296
64000	310	226	6863	5978	39	32	37656	205
65000	250	257	6009	6839	69	37	36995	227
66000	232	258	6283	6691	19	4	37268	104
67000	263	238	6127	6731	73	32	36410	364
68000	216	289	6300	6487	138	48	36830	361
69000	209	261	6253	6522	217	20	35921	363
70000	225	265	6007	6677	270	69	36012	1401
71000	318	247	6460	6019	356	46	35471	1093
72000	272	267	6326	6265	237	84	35990	1008
73000	261	276	5601	6809	514	130	35783	1613
74000	207	288	5903	6680	308	114	36103	1086
75000	234	317	6270	5724	708	207	34615	2185
76000	233	255	5812	6446	518	248	36233	1758
77000	235	271	5963	6050	712	245	35616	2838
78000	341	226	6230	5611	872	214	32902	2918
79000	270	218	6047	5600	1033	355	33711	4004
80000	287	246	5872	5943	903	262	35160	3255
81000	276	231	5824	6267	828	148	32866	2625
82000	282	220	6401	5372	968	238	34323	3312
83000	300	248	5854	5668	1110	297	32492	4469
84000	273	260	5966	5735	922	321	33192	3690
85000	319	263	6315	5620	751	218	34191	2796
86000	286	219	6547	4912	1256	203	33007	4693
87000	312	186	6516	5116	989	301	34803	3484
88000	312	194	6705	4678	1219	372	32465	4644
89000	297	275	6295	4827	1478	286	32294	4879
90000	312	230	5842	4875	1891	326	31650	5790
91000	348	154	6386	4090	2153	305	30267	6879
92000	311	190	6126	4296	2252	289	29643	6506
93000	259	196	5899	4501	2310	359	30008	8186
94000	298	182	5959	4697	1684	697	30879	6985
95000	306	210	5988	4820	1780	433	31404	5747
96000	274	225	5879	5025	1746	313	32628	5545
97000	270	200	6467	4845	1350	268	33924	4527
98000	309	221	6027	4744	1814	373	31909	6019
99000	319	175	6278	4656	1586	417	32671	5389
100000	287	213	6198	4618	1589	554	30909	5694
101000	365	206	6292	4524	1603	483	29556	6299
102000	326	181	6118	4411	1831	626	29451	7704
103000	304	191	6346	4337	1817	451	31331	5873
104000	339	219	6421	4534	1512	403	31598	6129
105000	319	231	6324	4718	1441	458	32473	5766
106000	332	214	6374	4667	1534	314	30991	5381
107000	286	214	6296	4930	1502	212	32887	5318
108000	311	227	6443	5215	1061	246	34718	3704
109000	283	235	6324	5303	975	296	31780	3423
110000	307	275	6183	5589	1011	135	34675	3447
111000	288	247	6316	5681	747	212	35384	3001
112000	291	268	5864	5858	921	279	32882	3293
113000	262	237	5643	6313	812	275	35472	3375
114000	263	256	5552	6450	788	225	35455	2780
115000	249	207	6367	6157	365	157	36244	1725
116000	304	263	6168	6308	286	129	36244	1124
117000	230	292	5772	6791	369	98	35994	1324
118000	267	279	6244	6400	173	117	36672	841
119000	296	312	5602	6888	332	91	37479	1225
120000	216	287	5878	6735	371	79	34993	1088
121000	260	235	5925	6680	267	117	36489	1038
122000	275	218	6515	6149	186	98	35490	1067
123000	257	262	6070	6468	255	160	35884	1193
124000	243	263	5784	6637	327	250	37038	1820
125000	250	256	6200	6275	349	132	36270	1565
126000	289	310	6073	6489	229	117	36392	933
127000	283	262	6160	6258	440	67	36799	1232
128000	240	214	5872	6525	465	144	35634	1730
129000	260	265	5730	6711	371	223	36331	1521
130000	218	279	5954	6249	640	172	35552	1831
131000	273	247	5840	6391	610	193	35663	2956
132000	262	245	6013	6004	659	277	33338	2787
133000	252	269	5832	6377	618	167	36152	2448
134000	244	278	5452	7088	356	147	36445	1506
135000	278	197	6294	6244	384	38	37336	1088
136000	277	263	5898	6926	178	26	37256	586
137000	238	298	6478	6267	101	32	37062	321
138000	248	281	5799	7074	98	25	37817	230
139000	247	295	5946	6838	144	43	37296	577
140000	221	258	6346	6401	187	43	37296	863
141000	252	224	6347	6374	211	67	35618	817
142000	253	238	6518	6203	145	70	37106	801
143000	241	244	6143	6575	157	102	37874	631
144000	245	240	5576	7136	248	95	35395	1181
145000	281	230	6139	6480	251	92	36248	1142
146000	249	236	6393	6179	430	55	35205	1514
147000	223	257	6128	6605	193	104	36830	1050
148000	263	369	5718	6974	238	48	36248	804
149000	242	283	5920	6878	105	94	36806	867
150000	250	295	5896	6932	118	33	35979	391
151000	207	289	5614	7307	67	68	37089	444
152000	285	283	6152	6692	59	30	36016	269
153000	290	270	6056	6809	66	3	36208	130
154000	271	268	6341	6389	132	30	35906	390
155000	259	298	6150	6615	125	38	36518	560
156000	217	250	5383	7581	88	35	37703	282
157000	223	283	5972	6959	56	45	35443	171
158000	223	265	5815	7066	135	7	36829	454
159000	249	263	6126	6728	55	93	37743	396
160000	286	253	6002	6852	33	60	36771	214
161000	217	310	5970	6779	216	24	37260	763
162000	266	222	6467	6286	162	22	36717	496
163000	259	317	6070	6702	86	41	36090	492
164000	249	224	6354	6601	42	3	37885	157
165000	186	266	5798	7215	69	5	37415	160
166000	247	321	5523	7316	68	7	36573	302
167000	214	303	5503	7321	105	84	35929	468
168000	236	283	5882	6945	112	50	35667	831
169000	244	243	5676	7258	56	22	37393	427
170000	203	275	5755	7137	70	76	37565	288
171000	190	269	5920	6878	138	107	37690	640
172000	257	227	6300	6342	210	87	36855	817
173000	291	278	5729	6841	282	92	37372	932
174000	223	277	6163	6512	123	180	37465	747
175000	286	228	6371	6326	112	147	36335	692
176000	255	273	6313	6432	171	40	36732	775
177000	273	314	5718	6874	155	177	37756	740
178000	242	254	5989	6754	235	33	36110	805
179000	216	320	5843	6859	231	47	36337	805
180000	261	253	5936	6950	106	25	38203	332
181000	243	311	6216	6673	64	10	35958	318
182000	236	282	5989	6979	3	16	36811	72
183000	288	235	6343	6608	0	0	36665	3
184000	218	252	6652	6320	14	0	37396	57
185000	286	323	6454	6371	59	3	36596	227
186000	283	276	6373	6496	23	11	37278	145
187000	208	308	5528	7476	9	22	38160	110
188000	224	288	5759	7197	13	0	36688	59
189000	236	260	6173	6772	54	0	37016	54
190000	235	367	6176	6736	0	0	36596	1
191000	259	307	6024	6917	0	0	37192	2
192000	290	244	6586	6138	133	24	35930	371
193000	256	238	6006	6812	127	17	37692	448
194000	283	235	6242	6489	210	17	37035	764
195000	278	257	6461	6337	72	69	36964	468
196000	280	249	6430	6414	58	0	36921	116
197000	228	260	6023	6930	77	0	37573	163
198000	283	274	5778	7123	98	14	37401	397
199000	234	241	6469	6228	195	77	36220	811
200000	276	213	6323	6238	346	69	35373	993
201000	282	251	6070	6320	468	48	36664	1548
202000	277	236	6277	6408	197	46	36722	835
203000	336	276	6185	6481	154	58	36022	756
204000	205	222	6299	6502	190	48	35554	971
205000	233	249	6053	6635	214	135	36261	780
206000	256	266	6092	6590	261	79	35477	794
207000	323	304	6594	5912	272	54	35868	1040
208000	235	310	6039	6455	294	139	35315	847
209000	307	285	6083	6171	476	116	35197	1728
210000	283	231	6335	6200	306	87	34792	1059
211000	258	224	6496	5731	540	157	35530	2177
212000	298	248	6109	6091	525	183	34970	1775
213000	276	228	6007	6150	585	250	35765	2026
214000	263	246	6189	5956	504	280	35387	1976
215000	282	238	6251	5587	717	364	33598	2832
216000	259	255	5626	6076	1023	311	35100	3988
217000	288	241	6448	5245	942	237	33568	3207
218000	308	167	6905	4387	1335	294	33419	4156
219000	340	224	6457	4596	1427	419	32009	4802
220000	300	221	5615	4928	2015	490	29776	6522
221000	276	183	5881	4759	1812	616	30947	6754
222000	296	219	6175	4286	1892	587	30541	7001
223000	330	205	6435	4202	1672	591	30103	6159
224000	312	188	5994	4798	1872	350	31471	6047
225000	314	203	5913	4702	2071	331	31610	6493
226000	317	224	6239	4660	1750	290	30626	6296
227000	323	213	6267	4673	1671	351	31375	5406
228000	335	181	6786	4089	1537	494	30961	6299
229000	294	227	6698	4023	1799	408	30237	6686
230000	294	214	6142	4289	1926	630	31057	7356
231000	309	179	5617	4177	2533	748	29734	10046
232000	316	251	6115	3989	2148	679	29824	7634
233000	293	208	5395	4621	2447	497	28721	9030
234000	305	205	5441	5111	1944	534	31417	6698
235000	260	247	5787	5341	1489	407	31538	5851
236000	294	174	5661	5243	1698	392	30715	6074
237000	298	215	6230	4320	1962	440	29477	7349
238000	309	205	6073	4306	2001	569	29810	6895
239000	296	227	5702	4641	2126	594	29453	7569
240000	371	209	5711	4461	2164	623	29381	8167
241000	346	186	5934	3957	2488	518	29356	8528
242000	319	146	6180	3740	2626	499	28324	9039
243000	295	200	5939	4538	1991	566	30239	7470
244000	312	176	5450	4889	2168	536	29335	7543
245000	250	231	5963	4751	1797	503	29076	6968
246000	376	219	5627	5087	1824	388	29930	6216
247000	343	188	6181	4775	1581	417	31573	5636
248000	249	200	6128	5000	1694	272	31373	5762
249000	303	243	5540	5356	1500	605	30968	6484
