0	0	0	0	14400	0	0	0	0
1000	515	501	6046	6285	74	28	20843	106
2000	581	409	7303	5040	49	0	21236	41
3000	605	380	8381	3657	174	32	20419	164
4000	712	281	8834	3104	227	9	18804	390
5000	729	208	9595	2464	35	2	20976	65
6000	734	219	9406	2753	13	2	19633	22
7000	664	227	9337	2846	41	0	21046	24
8000	721	201	9624	2532	28	0	20354	23
9000	755	195	9576	2496	0	0	20315	1
10000	654	189	9980	2244	26	0	20759	31
11000	820	123	10384	1683	0	0	19055	2
12000	587	138	10085	2210	7	1	20951	13
13000	702	128	10084	2109	12	6	20088	35
14000	723	189	9789	2429	18	0	20650	43
15000	674	217	9676	2567	22	10	19830	19
16000	787	171	9567	2467	84	0	20626	164
17000	646	177	9117	3189	20	0	20564	24
18000	657	227	9513	2669	11	0	19103	5
19000	643	190	10149	1990	47	0	20748	33
20000	707	222	9690	2420	2	0	19607	14
21000	776	210	9645	2486	33	0	19738	83
22000	748	172	9859	2291	20	0	20169	3
23000	824	123	9963	2016	76	43	19748	218
24000	731	166	10209	1880	63	0	20277	170
25000	803	201	10158	1892	1	0	18744	10
26000	939	83	10594	1291	14	0	20466	26
27000	892	76	11043	890	15	0	19809	0
28000	887	112	10753	1187	7	0	19971	0
29000	792	108	10815	1173	13	0	19712	53
30000	847	104	10318	1676	11	0	20625	80
31000	693	128	10439	1801	36	0	20946	50
32000	734	106	10206	1870	107	0	21161	101
33000	670	140	10521	1596	21	0	20532	22
34000	820	120	10440	1533	4	0	19367	22
35000	971	94	10713	1171	9	0	20431	0
36000	793	86	10699	1348	33	0	20752	76
37000	699	117	10804	1276	22	0	20337	5
38000	728	122	10696	1488	12	0	19815	6
39000	750	99	10593	1523	39	0	20248	21
40000	819	123	10716	1258	22	0	19650	53
41000	707	170	10054	2104	7	1	19838	29
42000	798	142	10131	1953	32	0	20025	29
43000	734	138	9978	2165	7	0	19522	25
44000	832	140	10120	1864	0	0	21368	1
45000	842	146	10315	1514	65	0	19822	109
46000	797	175	10126	1938	22	0	18911	28
47000	839	137	9952	2121	7	0	20369	7
48000	805	145	10028	2080	2	1	19872	11
49000	769	138	9986	2007	28	0	20125	26
50000	848	164	10103	1834	63	0	20002	86
51000	755	84	10375	1789	20	0	19802	42
52000	854	94	10356	1467	132	2	20498	222
53000	715	187	9728	2408	86	1	19707	142
54000	759	210	9457	2702	21	0	20835	61
55000	619	229	8783	3519	21	0	20478	2
56000	717	219	9347	2762	9	0	20564	4
57000	683	257	9366	2787	3	0	20451	0
58000	778	147	10215	1805	5	0	20100	5
59000	780	126	10440	1645	3	0	20180	0
60000	940	148	10146	1790	31	0	18978	38
61000	751	96	10750	1340	24	0	19928	37
62000	672	116	10303	1911	16	0	20602	23
63000	736	156	9976	2123	0	0	20406	13
64000	676	219	9813	2295	1	0	21179	12
65000	662	144	10251	1912	18	1	19405	49
66000	923	84	10508	1353	63	0	19303	144
67000	802	117	9991	1993	104	0	20597	162
68000	680	155	9749	2322	95	2	20538	246
69000	649	236	8785	3469	0	0	20568	1
70000	785	185	9495	2473	128	20	19435	288
71000	656	215	9714	2326	128	4	20475	247
72000	745	107	9954	2057	221	8	19384	370
73000	791	82	10387	1514	91	22	20619	279
74000	854	75	10618	1237	164	2	18954	372
75000	728	107	10646	1246	219	43	19389	592
76000	882	98	10272	1064	602	68	18789	1180
77000	843	76	10205	1051	785	39	18574	1362
78000	780	69	10137	1040	912	27	19310	1753
79000	889	106	10107	1119	751	43	19045	1281
80000	916	133	9958	1317	677	30	19376	1147
81000	766	91	9986	1531	715	18	19172	1307
82000	870	57	10028	1079	954	35	18009	1862
83000	865	149	9914	1461	715	3	18775	1272
84000	915	73	10202	1101	649	103	19249	1358
85000	815	107	10286	1432	292	11	19798	533
86000	977	106	10652	1153	115	6	19362	224
87000	778	72	10552	1350	237	0	20928	330
88000	781	64	10792	982	270	28	19540	510
89000	846	32	11130	682	260	20	19376	493
90000	882	44	11081	476	413	2	19114	565
91000	879	51	11120	612	220	0	19670	384
92000	876	73	10919	851	225	2	18757	465
93000	796	58	10820	896	338	26	18739	738
94000	787	128	10486	1149	375	25	19555	704
95000	824	108	10355	1248	448	17	19858	946
96000	826	146	10096	1351	539	38	19859	825
97000	859	83	9941	1404	632	110	19356	1091
98000	766	96	10395	1503	189	37	19486	581
99000	820	164	9871	1801	385	24	20163	483
100000	739	117	10164	1557	400	27	19856	606
101000	783	70	10726	1145	262	15	19398	384
102000	792	63	11207	617	225	24	19094	462
103000	901	53	11176	720	73	3	19753	169
104000	922	48	10928	878	68	0	20284	128
105000	831	43	11269	625	24	25	19625	59
106000	993	65	11085	510	167	0	18848	271
107000	893	37	11203	660	122	0	19530	225
108000	799	72	11206	790	45	2	19536	83
109000	861	164	10384	1570	59	0	20466	73
110000	847	183	10026	1996	0	0	19505	1
111000	725	142	9501	2675	58	19	19723	114
112000	784	173	9732	2299	81	2	20642	152
113000	730	160	9684	2512	3	13	20962	14
114000	857	194	9564	2413	32	0	20298	0
115000	723	197	9321	2848	36	0	20445	59
116000	679	165	9539	2624	32	7	20559	97
117000	757	158	9484	2593	20	0	19374	31
118000	655	265	9307	2929	14	0	19913	13
119000	742	254	9057	3012	37	0	20262	30
120000	738	204	9310	2751	52	0	20320	58
121000	635	292	8998	3160	72	1	19973	193
122000	630	274	9489	2663	25	0	20422	33
123000	792	137	10314	1708	17	0	19217	0
124000	784	163	10301	1684	65	0	20000	94
125000	878	156	9512	2201	234	1	19781	250
126000	748	169	9591	2501	57	0	20969	165
127000	767	138	9576	2346	178	2	20917	208
128000	700	242	9258	2798	91	3	20980	74
129000	702	230	9342	2799	4	0	20695	0
130000	687	166	10114	2064	0	0	20703	1
131000	743	207	9582	2505	1	0	19877	0
132000	808	227	9634	2311	60	6	20102	184
133000	813	163	9991	2099	1	0	20214	14
134000	713	118	10307	1723	117	39	19505	271
135000	807	138	10344	1412	282	20	19578	319
136000	926	139	10311	1485	62	23	19802	147
137000	886	46	10691	911	347	20	18873	514
138000	795	80	10776	1021	292	13	19636	660
139000	879	98	10762	1129	107	0	19776	149
140000	735	76	11118	853	116	0	20400	170
141000	943	81	10914	874	83	9	19057	178
142000	897	38	11347	576	13	15	19732	52
143000	824	16	11578	363	76	0	19365	89
144000	766	21	11676	304	72	0	20021	173
145000	832	17	11689	298	27	0	20839	48
146000	936	28	11558	240	5	0	19286	0
147000	871	12	11465	517	4	0	20198	1
148000	986	78	10919	903	0	0	19148	3
149000	872	99	10838	1109	1	0	20220	51
150000	898	66	11124	770	2	0	19886	0
151000	857	65	11305	696	5	0	20367	0
152000	862	42	11354	660	0	0	19622	13
153000	863	47	11231	692	3	0	19192	3
154000	857	27	11366	597	17	0	20495	10
155000	995	25	11215	563	0	0	19491	1
156000	875	102	10945	929	89	2	18222	288
157000	1033	43	10762	892	139	49	19303	324
158000	830	36	10988	982	45	0	21202	130
159000	817	87	10743	1306	22	0	20271	35
160000	720	96	10367	1730	2	0	20500	0
161000	882	151	10200	1757	13	6	19665	23
162000	832	123	10453	1528	92	7	19513	105
163000	886	122	10310	1567	109	2	20718	179
164000	850	125	10141	1654	197	0	19906	418
165000	684	117	10397	1707	105	18	19680	278
166000	817	156	10262	1833	5	0	19986	15
167000	863	112	10235	1800	4	0	20599	4
168000	802	96	10727	1294	1	0	20739	1
169000	871	90	10173	1834	14	0	20264	19
170000	798	175	10155	1881	0	23	20281	27
171000	769	197	9881	2131	37	11	19295	33
172000	750	148	10167	1833	110	6	19786	212
173000	829	125	10397	1507	161	0	20156	296
174000	696	154	10049	2090	34	0	20155	20
175000	740	107	10030	2057	46	0	20153	49
176000	730	173	9915	2218	41	1	20394	31
177000	624	215	9630	2620	16	0	20393	38
178000	720	224	9347	2774	37	1	20810	121
179000	755	209	9612	2522	13	0	19297	28
180000	883	158	9732	2229	15	0	20533	7
181000	786	138	9849	2282	25	0	20330	0
182000	695	243	9240	2946	54	0	20917	22
183000	706	183	9398	2765	80	0	20836	104
184000	692	210	9338	2686	147	12	21020	252
185000	777	228	9443	2305	293	40	19132	431
186000	734	184	9475	2278	318	50	19703	683
187000	762	168	9719	1942	460	11	20204	986
188000	701	165	9914	2049	236	13	19724	447
189000	922	136	9412	2191	374	1	19719	529
190000	801	113	10139	1718	200	1	20001	425
191000	792	198	9607	2396	23	0	19762	89
192000	722	220	9609	2509	11	0	20465	16
193000	794	188	9304	2813	20	1	20965	54
194000	744	246	9482	2597	39	0	20361	55
195000	794	181	9461	2566	50	1	20707	45
196000	636	188	9797	2414	5	0	21855	0
197000	798	263	9316	2678	50	4	19430	54
198000	676	179	9473	2695	88	3	20653	134
199000	661	252	9432	2561	119	43	20365	271
200000	831	254	8791	3077	182	1	20273	323
201000	624	217	9402	2810	81	3	20108	156
202000	726	283	8882	3202	68	0	20478	146
203000	719	189	9473	2689	27	0	20552	9
204000	782	239	9638	2377	46	0	20150	53
205000	790	190	9833	2255	39	0	20282	31
206000	819	137	10226	1837	39	0	18677	28
207000	774	146	9912	2219	9	0	20859	2
208000	777	149	9560	2560	7	0	20679	1
209000	661	202	9854	2304	24	0	20154	44
210000	723	176	9523	2594	139	3	20607	149
211000	744	194	9414	2565	95	59	19895	204
212000	626	191	9701	2531	65	6	20722	204
213000	721	174	9618	2555	2	0	20416	22
214000	840	167	9335	2682	39	2	19880	56
215000	630	220	8923	3370	5	0	20564	3
216000	735	232	8958	3176	0	0	20212	1
217000	629	273	9376	2794	40	0	20673	27
218000	665	199	9750	2404	2	0	20315	5
219000	723	205	9420	2762	14	1	20553	18
220000	794	147	10026	2008	26	0	20309	0
221000	806	191	10088	1901	25	0	19915	0
222000	828	175	10035	1912	36	0	19472	156
223000	679	139	10432	1712	28	0	19921	66
224000	831	103	10460	1619	0	0	20646	5
225000	757	189	9702	2391	38	1	19978	14
226000	708	205	9632	2461	77	0	20201	146
227000	771	264	8922	3185	17	1	20200	70
228000	865	218	9303	2677	32	0	20443	29
229000	795	268	9079	2910	38	0	19747	81
230000	673	250	9260	2900	4	0	19828	5
231000	687	173	9431	2771	7	0	20612	13
232000	783	107	10378	1724	27	0	20090	0
233000	926	118	10633	1302	3	0	19794	23
234000	806	92	10820	1300	4	0	20390	0
235000	801	104	10435	1487	91	0	20052	159
236000	881	86	10622	1140	196	13	19203	219
237000	818	86	10706	1135	187	29	19509	257
238000	786	89	10543	1316	238	23	19141	530
239000	823	97	10234	1502	274	0	19315	513
240000	927	172	9815	1846	321	3	18696	713
241000	647	228	9488	2473	249	10	19562	450
242000	652	273	9201	2895	131	0	19739	247
243000	676	248	8781	3301	125	15	20074	249
244000	790	140	9759	2312	33	0	19352	96
245000	718	248	8781	3317	121	0	19170	189
246000	778	182	9139	2951	37	0	20421	54
247000	622	214	9010	3220	50	0	19813	57
248000	656	200	9032	3148	38	22	20340	98
249000	662	194	9358	2775	74	1	20938	151
