0	0	0	0	14400	0	0	0	0
1000	86	487	2277	10877	102	59	37390	420
2000	123	435	2239	10978	70	24	36336	298
3000	114	411	2331	10990	21	36	38567	124
4000	73	411	2402	10948	2	28	37221	39
5000	75	385	2293	11139	2	6	39545	17
6000	90	407	2299	11029	52	17	37558	259
7000	90	417	2215	11120	22	13	38079	43
8000	86	434	2296	11048	2	0	38179	0
9000	73	404	2181	11129	59	35	38358	466
10000	91	463	2348	10911	29	72	39076	237
11000	102	392	2380	10888	91	37	40272	290
12000	98	394	2319	10894	112	35	38033	371
13000	88	448	2383	10850	56	39	38839	289
14000	79	412	2265	11173	6	15	38278	81
15000	91	395	2293	11135	0	0	38829	1
16000	91	470	2323	10826	128	36	38086	318
17000	83	420	2317	11008	30	32	38556	118
18000	97	394	2280	11077	15	21	38682	162
19000	71	413	2207	11197	4	17	38467	66
20000	76	454	2298	10994	31	34	38962	115
21000	78	418	2503	10765	22	74	37523	258
22000	100	422	2272	11019	15	29	36716	204
23000	101	398	2343	11030	37	9	39147	147
24000	82	391	2289	11139	0	7	38902	11
25000	97	402	2462	10795	73	21	38854	175
26000	88	438	2409	10855	53	39	37432	304
27000	75	454	2289	10995	14	49	38202	145
28000	92	457	2297	10970	45	19	38001	245
29000	92	421	2297	11071	26	18	37737	135
30000	97	413	2390	10922	34	34	37573	251
31000	100	417	2506	10805	23	16	37371	172
32000	92	440	2514	10762	12	12	38445	84
33000	94	457	2272	10989	44	15	38224	100
34000	85	420	2413	10928	23	24	37348	192
35000	87	508	2312	10952	6	9	37553	76
36000	91	432	2196	11190	0	1	38674	11
37000	96	432	2438	10873	35	13	40221	156
38000	84	446	2215	11020	80	16	37650	279
39000	94	455	2348	10950	32	43	37863	179
40000	97	434	2478	10805	12	19	37847	104
41000	72	439	2281	11105	7	3	37442	4
42000	100	445	2214	10926	150	36	37491	358
43000	93	406	2332	10880	148	48	38644	461
44000	86	378	2240	11050	81	59	38748	384
45000	101	412	2374	10757	172	75	38019	590
46000	97	439	2154	10982	142	100	36433	738
47000	109	434	2198	10762	221	164	36808	1038
48000	117	402	2233	10807	221	121	36313	1265
49000	95	457	2294	10683	138	208	36035	1106
50000	96	445	2242	10834	226	51	37586	775
51000	95	381	2384	10774	199	76	38670	744
52000	80	449	2298	10835	120	54	36994	535
53000	62	437	2328	10938	79	46	38023	359
54000	93	440	2135	11213	24	26	38669	171
55000	95	462	2336	10891	50	37	37925	163
56000	84	425	2276	11071	27	0	38974	72
57000	98	422	2245	11127	3	2	37879	27
58000	89	438	2136	11221	57	10	37731	312
59000	100	459	2233	11041	19	27	37947	95
60000	83	425	2175	11146	21	11	37916	85
61000	91	390	2089	11279	8	23	37756	73
62000	102	407	2145	11207	18	0	39656	31
63000	104	391	2384	10983	21	0	37057	49
64000	73	471	2102	11214	52	1	38556	81
65000	86	428	2548	10769	23	0	38391	9
66000	104	439	2474	10833	44	2	38937	72
67000	81	403	2425	10925	22	14	37903	123
68000	98	435	2368	10928	68	5	38996	202
69000	92	431	2414	10739	107	51	37183	317
70000	86	405	2358	10869	104	87	38668	631
71000	85	390	2190	11063	90	52	38952	443
72000	77	400	2390	10947	38	38	37516	190
73000	92	417	2287	10954	69	38	37920	248
74000	106	415	2427	10909	17	14	37787	101
75000	88	416	2225	11036	101	17	38139	262
76000	87	388	2340	10956	13	45	40979	166
77000	106	394	2228	11147	11	17	39149	125
78000	95	425	2162	11247	5	0	38223	18
79000	92	414	2394	11000	0	1	38567	6
80000	97	422	2407	10817	100	12	37588	328
81000	79	472	2424	10774	75	64	37660	365
82000	105	428	2307	10941	58	37	38164	196
83000	76	376	2371	10941	42	21	38429	222
84000	84	405	2213	11053	46	103	38856	241
85000	89	385	2356	10892	69	102	38101	558
86000	96	388	2217	10953	78	149	37841	675
87000	109	401	2483	10473	179	170	38675	1084
88000	99	399	2479	10568	199	131	38003	851
89000	99	432	2235	10721	224	178	36914	1185
90000	97	504	2274	10600	165	202	37054	1079
91000	85	424	2191	10920	217	99	37607	806
92000	101	450	2159	10744	246	213	36604	1382
93000	86	465	2181	10721	219	229	37098	1255
94000	79	449	2293	10578	285	213	37090	1364
95000	118	429	2340	10615	275	137	37334	1282
96000	92	428	2217	10893	174	87	36832	459
97000	89	449	2310	10668	271	109	36468	1275
98000	82	407	2276	10761	244	118	36634	1250
99000	92	393	2414	10572	190	179	38051	1126
100000	71	455	2122	11024	141	63	37263	520
101000	102	388	2216	11039	86	64	37856	698
102000	78	393	2522	10766	59	45	36888	307
103000	94	411	2373	10768	101	105	37616	593
104000	107	407	2253	10776	246	102	36854	954
105000	106	450	2335	10598	205	188	36526	987
106000	105	417	2306	10468	297	316	36261	1800
107000	117	417	2390	10349	357	235	38312	1981
108000	105	483	2200	10517	326	248	35453	1830
109000	96	382	2318	10445	437	192	35806	2049
110000	96	439	2352	10315	398	270	36102	1522
111000	93	400	2245	10689	253	165	37133	1244
112000	125	444	2152	10545	348	300	36645	1912
113000	84	436	2354	10686	204	171	37852	1135
114000	96	426	2338	10698	187	126	37972	948
115000	88	373	2366	10817	103	108	37878	458
116000	74	421	2310	10976	108	25	36548	253
117000	102	431	2480	10832	9	31	37845	260
118000	80	464	2285	10969	77	44	39162	388
119000	92	399	2265	11023	101	15	36988	348
120000	97	400	2456	10836	50	29	38478	395
121000	104	428	2429	10813	48	18	37638	220
122000	90	475	2188	11033	75	25	38133	206
123000	139	469	2267	10953	79	21	37978	342
124000	87	454	2460	10774	73	24	37970	299
125000	84	433	2248	11070	1	21	37701	57
126000	92	457	2345	10967	6	34	38182	107
127000	93	461	2326	10946	12	17	38361	56
128000	83	422	2431	10905	38	1	38254	129
129000	89	451	2219	11135	18	13	36898	196
130000	97	415	2357	10976	26	4	38548	114
131000	96	433	2457	10863	48	2	37637	135
132000	82	429	2394	10995	15	3	39275	51
133000	90	400	2502	10790	81	0	39181	83
134000	101	416	2404	10800	72	95	36899	393
135000	117	409	2280	10825	196	96	37565	881
136000	67	476	2143	11068	83	69	37649	390
137000	95	413	2298	10935	84	63	38956	423
138000	85	401	2417	10871	39	64	38905	151
139000	81	413	2380	10902	81	25	37918	347
140000	106	382	2336	10868	96	58	38886	477
141000	84	431	2370	10721	174	82	37025	637
142000	92	403	2212	11002	122	74	37301	570
143000	101	430	2262	10991	64	52	35955	244
144000	82	426	2379	10855	109	53	37124	494
145000	106	479	2351	10860	48	45	38972	274
146000	101	426	2376	10851	66	29	38041	428
147000	94	440	2397	10866	48	27	37046	284
148000	96	455	2465	10716	83	31	37017	251
149000	92	413	2232	11048	79	11	38963	282
150000	111	416	2382	10861	76	29	37753	111
151000	98	424	2407	10790	114	26	37097	196
152000	97	413	2121	11116	53	57	37568	216
153000	95	457	2294	10977	13	34	37583	136
154000	99	442	2353	10904	44	43	37781	225
155000	81	419	2339	10941	84	26	37421	291
156000	69	420	2325	11056	18	27	38006	211
157000	76	422	2433	10946	14	9	37214	24
158000	92	458	2055	11289	3	25	38601	31
159000	92	425	2432	10826	76	11	38097	262
160000	97	409	2452	10897	10	19	38109	116
161000	90	431	2257	11120	1	21	38400	42
162000	100	395	2371	10956	38	6	38603	80
163000	107	488	2301	10952	46	43	37604	273
164000	78	460	2436	10877	2	28	38023	20
165000	75	424	2146	11219	2	7	38699	38
166000	90	437	2377	10734	212	47	37592	865
167000	83	412	2485	10749	96	40	38491	454
168000	101	445	2326	10889	99	13	38351	207
169000	76	448	2266	10977	85	24	39046	398
170000	96	387	2333	10893	91	71	38088	288
171000	97	424	2277	10986	38	117	37797	221
172000	104	493	2435	10766	45	37	37679	225
173000	100	441	2224	11032	47	43	38302	142
174000	86	412	2305	10993	34	42	37854	200
175000	73	441	2269	11051	15	27	38160	246
176000	78	380	2360	10996	5	54	38002	99
177000	94	445	2339	10966	30	30	36266	189
178000	84	426	2282	11068	20	16	37502	189
179000	96	387	2258	11088	24	13	37068	207
180000	104	423	2314	11014	0	9	37946	53
181000	83	463	2490	10733	81	3	37798	316
182000	80	415	2341	11022	15	2	38382	29
183000	92	453	2485	10805	49	4	37556	254
184000	92	419	2389	10872	65	18	39382	160
185000	79	431	2296	11025	45	39	38113	213
186000	108	464	2386	10717	106	74	37740	469
187000	115	413	2502	10629	114	82	38492	477
188000	91	467	2276	10823	193	41	37189	413
189000	98	431	2279	10805	124	134	38170	628
190000	91	484	2267	10775	173	129	36617	747
191000	103	453	2242	10735	220	155	37833	992
192000	98	419	2302	10539	313	219	36473	1373
193000	111	444	2437	10553	202	140	37344	1176
194000	90	439	2415	10726	144	71	37466	577
195000	67	428	2320	10896	121	70	37250	560
196000	83	420	2300	10679	271	116	37082	967
197000	85	447	2347	10502	291	180	37450	1184
198000	116	449	2205	10771	209	147	37681	1017
199000	103	419	2241	10660	185	292	37295	1267
200000	94	407	2360	10561	224	232	37495	1288
201000	102	453	2311	10828	75	121	38084	619
202000	111	373	2399	10940	28	16	37731	103
203000	96	457	2483	10786	35	7	38469	111
204000	66	396	2459	10909	33	2	39111	86
205000	105	453	2250	11027	18	16	37896	121
206000	78	386	2272	11090	79	10	38516	212
207000	103	491	2373	10758	83	39	37461	236
208000	92	451	2387	10892	24	31	37517	216
209000	96	428	2230	10982	70	59	40241	282
210000	108	436	2253	10836	133	79	39015	657
211000	102	453	2290	10793	150	77	36271	628
212000	90	446	2319	10896	80	36	38254	265
213000	112	437	2432	10743	96	32	36508	451
214000	90	424	2367	10902	79	24	38149	450
215000	78	424	2167	11113	43	41	37649	289
216000	82	432	2182	11140	46	21	38212	189
217000	82	432	2294	10989	46	43	38967	256
218000	90	422	2382	10901	30	66	39594	331
219000	81	451	2294	10993	55	5	39042	186
220000	80	405	2327	10976	59	21	37839	184
221000	89	440	2258	10937	124	27	37576	423
222000	100	460	2325	10899	34	56	37669	230
223000	98	438	2500	10620	88	95	38006	444
224000	98	474	2467	10590	147	101	38481	647
225000	78	418	2254	10896	122	69	38182	605
226000	87	363	2338	10910	111	71	38601	465
227000	90	413	2233	11089	74	24	38875	315
228000	83	457	2335	10994	16	8	36529	99
229000	66	410	2308	11092	14	24	38657	146
230000	96	413	2503	10852	3	3	37830	14
231000	86	406	2380	11018	0	4	38049	80
232000	88	423	2657	10553	73	16	38139	148
233000	106	440	2533	10639	67	62	38421	353
234000	86	401	2280	11018	74	58	37947	285
235000	92	413	2537	10740	29	58	37467	328
236000	91	406	2195	11059	70	36	38679	298
237000	87	460	2384	10858	71	29	38066	399
238000	71	384	2548	10804	14	48	40917	183
239000	85	457	2186	11079	11	49	37010	215
240000	86	383	2272	11027	61	29	38227	222
241000	100	382	2198	11106	61	53	38172	327
242000	92	447	2317	10959	30	23	38411	218
243000	87	438	2380	10900	37	14	39134	168
244000	69	440	2302	11038	40	18	38758	129
245000	84	381	2442	10912	54	7	38275	125
246000	97	416	2151	11144	57	8	37449	144
247000	97	410	2347	10950	76	13	37585	273
248000	96	446	2220	11004	66	29	37796	208
249000	115	451	2313	10937	36	31	37906	231
