0	0	0	0	14400	0	0	0	0
1000	106	449	2316	10917	93	47	36566	425
2000	83	431	2479	10799	55	30	39036	284
3000	89	444	2369	10904	53	12	38269	167
4000	107	443	2269	11050	35	36	37784	153
5000	76	442	2349	10996	23	24	38802	173
6000	108	467	2272	11001	6	40	38878	68
7000	100	434	2309	11035	9	13	38466	11
8000	91	411	2426	10806	87	30	37380	294
9000	78	442	2328	10804	106	100	36330	488
10000	101	438	2331	10743	167	96	37851	815
11000	116	358	2233	10813	220	164	38671	918
12000	96	383	2202	10922	181	129	37661	899
13000	92	460	2238	10735	194	153	37505	1061
14000	106	391	2342	10677	178	154	38762	900
15000	115	396	2230	10863	188	111	37963	829
16000	78	444	2200	10984	75	124	37345	571
17000	106	419	2308	10917	94	33	37485	332
18000	107	458	2088	11065	140	54	36806	312
19000	111	413	2278	11005	34	23	38126	175
20000	81	455	2353	10844	51	45	38192	299
21000	92	434	2275	11008	20	56	37749	260
22000	86	479	2289	10995	37	5	38074	88
23000	78	418	2345	11030	22	18	38120	31
24000	76	453	2361	10890	74	35	38525	284
25000	112	474	2337	10779	138	31	37662	536
26000	82	486	2169	11007	69	99	39178	619
27000	101	442	2179	11107	46	26	37610	67
28000	94	470	2409	10939	0	0	38152	4
29000	77	398	2342	11036	22	24	37356	128
30000	79	442	2365	10978	35	13	37867	215
31000	77	458	2177	11217	0	0	37996	56
32000	112	405	2476	10756	122	8	38125	304
33000	103	380	2387	10764	142	104	37099	634
34000	103	414	2356	10562	273	195	35560	1270
35000	87	475	2200	10670	253	185	36878	1618
36000	96	389	2224	10760	219	144	37910	965
37000	107	422	2474	10498	221	148	36820	1093
38000	72	415	2277	10764	206	172	38201	1020
39000	89	395	2146	10970	157	160	37108	930
40000	74	412	2323	10698	176	191	37070	921
41000	93	420	2496	10557	218	111	37000	975
42000	92	440	2177	10544	356	268	36881	1586
43000	97	379	2302	10490	419	221	37713	2163
44000	128	457	2206	10288	448	391	34742	2462
45000	128	346	2272	10170	563	390	35587	2739
46000	95	390	2239	10213	589	385	35720	3282
47000	94	392	2213	10353	468	377	36457	2518
48000	121	402	2238	10374	509	289	37279	2467
49000	106	457	2435	9861	642	348	36752	2694
50000	92	443	2114	10422	543	326	35463	2537
51000	94	391	2329	10488	387	208	35617	1904
52000	97	389	2356	10626	224	170	37812	1037
53000	90	385	2326	10810	168	128	38313	773
54000	111	405	2372	10819	105	59	38436	469
55000	90	460	2330	10811	165	61	38028	528
56000	89	438	2350	10934	32	50	38462	319
57000	84	457	2339	10964	19	36	37703	162
58000	77	477	2211	11107	22	2	37149	48
59000	90	434	2382	10968	2	2	37337	8
60000	81	438	2492	10727	112	5	38900	169
61000	120	437	2284	10967	49	52	37586	182
62000	98	445	2204	11128	8	18	39990	72
63000	96	467	2348	10950	9	8	37571	59
64000	92	394	2260	11145	5	0	38202	1
65000	84	429	2352	10945	79	28	38119	321
66000	87	363	2434	10940	65	31	37917	295
67000	101	444	2267	10823	135	127	37141	661
68000	107	409	2358	10881	55	56	38983	367
69000	98	451	2421	10714	128	86	37832	483
70000	97	421	2269	10761	196	117	38113	767
71000	95	420	2344	10713	133	166	36835	974
72000	97	445	2308	10482	351	200	37911	1252
73000	94	429	2397	10591	193	160	36932	989
74000	118	396	2270	10753	266	110	36441	1263
75000	108	495	2412	10469	243	153	37278	912
76000	88	437	2424	10545	219	187	37308	993
77000	119	405	2354	10548	292	140	37240	1083
78000	93	406	2327	10708	211	140	36900	1290
79000	96	443	2251	10793	142	145	38291	696
80000	69	422	2394	10865	71	78	38873	569
81000	81	471	2454	10762	56	24	38550	331
82000	98	445	2320	10973	36	34	38587	268
83000	86	451	2344	10738	95	142	38613	719
84000	100	455	2306	10844	86	79	35737	569
85000	97	436	2346	10807	124	84	36311	538
86000	99	367	2371	10767	170	123	37539	830
87000	108	394	2476	10584	175	164	37091	921
88000	102	428	2208	10748	273	115	36851	1025
89000	90	421	2267	10780	206	124	36479	1048
90000	109	474	2409	10456	304	123	36621	1355
91000	110	436	2320	10337	429	260	37268	2186
92000	94	401	2250	10547	241	343	37993	1692
93000	113	427	2272	10520	294	251	36355	1682
94000	105	400	2394	10451	279	216	37165	1324
95000	80	466	2403	10636	129	157	37338	772
96000	95	492	2230	10730	206	137	36359	952
97000	98	405	2246	10929	87	108	37916	645
98000	107	436	2163	11007	124	84	36302	709
99000	85	428	2305	10816	104	112	38224	606
100000	98	462	2211	10897	132	98	37613	753
101000	106	404	2262	10835	239	94	37504	854
102000	92	354	2172	10848	222	178	38402	1207
103000	101	414	2219	10621	338	201	36903	1199
104000	107	423	2477	10413	214	222	36689	1073
105000	98	418	2290	10579	246	249	37864	1354
106000	100	450	2268	10625	300	129	36249	1097
107000	91	423	2234	10990	164	41	36712	680
108000	104	437	2380	10732	90	118	36672	573
109000	94	456	2267	10906	124	50	36563	545
110000	100	424	2340	10839	81	89	36948	587
111000	104	462	2156	10978	134	51	36405	747
112000	95	445	2237	10854	92	99	37902	545
113000	85	420	2295	10906	82	86	37744	375
114000	94	490	2217	10993	69	53	37890	231
115000	82	431	2378	10875	40	58	37874	161
116000	87	417	2411	10877	47	22	37979	163
117000	102	401	2340	11035	40	7	37688	124
118000	97	434	2264	11044	21	18	38796	70
119000	90	425	2389	10943	12	6	37981	44
120000	77	398	2370	11009	0	1	38391	3
121000	78	428	2354	10955	52	2	38544	223
122000	111	389	2395	10965	19	3	39120	16
123000	124	422	2235	11032	23	15	38015	108
124000	81	427	2468	10875	1	14	37282	46
125000	87	398	2420	10942	9	22	38704	153
126000	83	397	2304	11038	23	12	39336	105
127000	90	427	2154	11194	31	9	39025	143
128000	89	420	2363	10886	112	13	37942	337
129000	103	433	2512	10685	101	30	38132	335
130000	91	420	2304	10900	84	88	38355	503
131000	79	446	2353	10936	24	47	37848	345
132000	79	411	2333	10991	29	46	37368	227
133000	95	467	2326	10915	46	25	38252	133
134000	113	471	2270	11020	29	10	37169	78
135000	76	423	2301	11035	4	12	38425	13
136000	89	397	2232	11058	100	3	38331	205
137000	101	487	2298	10903	65	13	37928	112
138000	101	427	2342	10938	80	5	38628	229
139000	79	423	2283	10951	54	45	38960	324
140000	102	413	2391	10888	36	37	38801	259
141000	89	466	2427	10836	22	23	37771	63
142000	92	416	2297	11043	10	12	38326	161
143000	90	411	2246	11165	0	0	38345	1
144000	76	404	2159	11096	125	42	39721	524
145000	108	404	2402	10700	173	83	37806	822
146000	78	470	2358	10818	129	53	36992	643
147000	77	450	2280	10844	183	57	37752	585
148000	93	409	2323	10805	182	81	39008	710
149000	80	375	2256	10939	152	90	37966	971
150000	82	437	2309	10870	128	30	38372	607
151000	89	417	2457	10757	120	43	38238	622
152000	98	389	2381	10814	140	67	37804	369
153000	85	462	2338	10907	74	35	38133	368
154000	79	447	2252	10976	73	83	37491	573
155000	83	387	2307	10985	34	60	38812	127
156000	93	475	2264	11008	17	33	37393	91
157000	85	452	2287	11017	1	18	37624	87
158000	88	451	2248	11080	6	11	39086	104
159000	105	400	2325	10990	18	10	39696	83
160000	85	435	2474	10908	0	1	38801	31
161000	81	408	2392	10854	120	6	39282	259
162000	105	416	2360	10918	53	21	38402	225
163000	74	459	2376	10975	18	7	37556	31
164000	84	460	2410	10927	6	20	39056	63
165000	76	431	2211	11164	0	0	37226	13
166000	121	439	2332	10961	32	5	37985	83
167000	84	412	2351	10994	32	3	37640	79
168000	86	466	2284	11073	7	0	37063	28
169000	76	462	2193	11163	28	6	38514	131
170000	87	389	2266	11123	2	1	39484	18
171000	88	433	2374	10978	0	0	38334	1
172000	90	436	2295	10979	59	40	38429	407
173000	105	423	2221	11070	61	10	38792	163
174000	99	460	2167	11088	63	5	39002	251
175000	92	370	2498	10836	13	44	37894	109
176000	96	418	2612	10677	6	46	38832	126
177000	81	463	2361	10985	11	16	38824	69
178000	76	401	2218	11135	15	29	39105	100
179000	82	443	2350	10982	38	12	38717	59
180000	82	446	2409	10861	8	0	38463	53
181000	82	405	2435	10856	48	17	38575	230
182000	97	417	2310	11075	1	2	37681	60
183000	99	439	2357	10822	185	27	37655	541
184000	125	407	2560	10480	209	68	37737	703
185000	77	454	2272	10729	257	89	37964	876
186000	81	415	2350	10713	203	120	38125	801
187000	108	423	2328	10565	316	171	36387	1509
188000	128	374	2419	10381	335	229	37082	1523
189000	104	412	2257	10569	277	235	35440	1348
190000	96	477	2235	10673	180	239	36079	1025
191000	101	444	2325	10338	403	260	36721	1876
192000	87	382	2346	10478	327	241	37481	1794
193000	95	434	2375	10559	253	137	36901	1734
194000	105	426	2211	10650	241	288	37007	1629
195000	103	457	2245	10742	231	134	36629	1205
196000	101	419	2274	10629	329	142	37476	1400
197000	116	360	2415	10326	439	189	37778	1701
198000	76	436	2339	10294	309	437	36675	1762
199000	109	428	2332	10115	569	338	35631	2279
200000	106	405	2461	9970	569	367	36180	3029
201000	94	426	2326	10101	542	404	35561	2728
202000	111	410	2304	10140	432	483	36173	2188
203000	115	438	2266	10059	552	474	34318	2990
204000	106	366	2238	9985	824	327	36607	3231
205000	88	415	2290	9990	668	437	35944	3110
206000	107	466	2346	9813	735	464	35183	3677
207000	121	405	2286	10059	564	513	35625	3405
208000	114	439	2474	10016	507	343	35380	2289
209000	92	390	2127	10444	524	368	35069	2813
210000	107	513	2220	10097	550	400	34850	2467
211000	122	397	2240	10527	352	286	36079	1761
212000	93	435	2161	10498	357	336	36605	2121
213000	86	385	2232	10627	290	260	36346	1788
214000	86	420	2350	10360	328	311	35709	1838
215000	100	433	2422	10337	339	275	37084	1628
216000	105	405	2468	10339	273	269	36303	1650
217000	81	442	2205	10599	248	279	38216	1786
218000	75	454	2382	10688	213	90	38327	916
219000	112	443	2271	10878	112	113	38447	746
220000	106	424	2279	10726	203	144	37325	1020
221000	118	403	2234	10791	219	138	37790	956
222000	101	390	2332	10476	357	188	37811	1398
223000	97	418	2279	10650	221	247	37111	1325
224000	98	418	2253	10704	216	195	37298	1354
225000	105	390	2306	10686	252	155	36860	1145
226000	97	420	2296	10626	262	186	37120	1330
227000	95	399	2397	10578	228	176	36951	1478
228000	124	440	2458	10491	223	113	35558	1119
229000	74	460	2227	10598	326	204	37312	1630
230000	99	394	2384	10605	265	149	36653	1129
231000	90	445	2334	10759	172	109	37678	750
232000	126	431	2345	10777	89	97	37411	736
233000	99	437	2011	11110	189	51	39705	736
234000	97	414	2229	10903	88	135	37478	776
235000	87	361	2355	10752	159	187	38193	868
236000	102	430	2155	10832	151	202	37185	857
237000	70	495	2190	10741	211	169	36932	1171
238000	103	459	2214	10822	160	110	36780	798
239000	92	475	2309	10610	161	217	36893	892
240000	92	449	2213	10605	286	228	37970	1154
241000	138	423	2201	10509	396	207	35569	1303
242000	84	368	2249	10437	528	252	37033	2377
243000	113	378	2189	10458	479	234	36198	1860
244000	114	405	2281	10407	423	264	35902	2129
245000	96	417	2189	10323	495	369	35319	2381
246000	115	407	2109	10309	438	486	35977	2274
247000	89	421	2272	10261	500	334	36504	2361
248000	94	424	2249	10223	500	402	36584	2338
249000	115	377	2205	10057	679	441	36309	2915
