0	0	0	0	14400	0	0	0	0
1000	319	588	4574	8173	4	2	21773	2
2000	456	525	5457	6750	269	106	20381	532
3000	513	511	5603	6504	299	80	20053	749
4000	416	511	5720	6492	258	189	19952	741
5000	479	416	5656	6479	373	125	19756	891
6000	495	518	5704	6460	243	127	19339	522
7000	472	541	5753	6301	343	100	19322	682
8000	424	499	5475	6801	310	61	19534	452
9000	359	445	5628	6919	129	33	22434	257
10000	387	524	5535	6978	81	23	20467	114
11000	410	466	5533	6984	120	28	21715	265
12000	506	525	5652	6783	78	9	20507	92
13000	423	435	5887	6677	10	14	21465	40
14000	404	467	5762	6770	108	5	21587	203
15000	409	478	5889	6649	61	0	20658	132
16000	439	521	5868	6566	45	30	20172	122
17000	464	407	6402	6142	21	2	21189	43
18000	480	423	6055	6406	67	26	21208	145
19000	497	493	5846	6578	101	14	20615	153
20000	555	511	5618	6627	119	77	19878	270
21000	418	548	6034	6481	18	26	20322	97
22000	516	447	6302	6107	50	1	21647	63
23000	496	455	6346	6037	73	44	20784	113
24000	468	404	6594	5746	150	32	20454	321
25000	394	394	5953	6687	73	20	21105	192
26000	394	483	6144	6429	16	9	20148	53
27000	384	578	5794	6661	53	8	20026	90
28000	431	507	5695	6835	78	0	20849	76
29000	480	472	6467	5906	72	10	20946	101
30000	484	487	6333	6020	76	11	20422	239
31000	421	519	6035	6372	117	6	20354	213
32000	430	456	6332	6211	42	2	21243	129
33000	431	499	6399	6096	5	23	20922	73
34000	460	427	6499	6005	4	27	20801	62
35000	486	465	5874	6507	46	5	20165	111
36000	376	504	6136	6320	124	25	21177	224
37000	370	475	6092	6542	47	34	20628	177
38000	486	444	5875	6533	126	68	21159	235
39000	466	501	5997	6374	111	19	20180	208
40000	416	455	6136	6369	59	0	20748	0
41000	403	439	5991	6624	47	13	21313	147
42000	427	447	6385	6263	1	16	20944	12
43000	403	493	6304	6056	199	16	20628	300
44000	482	463	6254	5941	182	159	20862	638
45000	441	590	5742	6468	120	108	20374	400
46000	419	491	5894	6514	112	110	21368	410
47000	462	489	5807	6535	137	65	20384	354
48000	480	567	5471	6697	211	82	21395	415
49000	475	498	5910	6200	195	206	19929	650
50000	453	521	5934	6430	139	27	19862	325
51000	468	525	5524	6854	142	39	20453	283
52000	377	544	5482	6942	150	37	20602	255
53000	464	470	6355	6090	42	33	20895	189
54000	515	420	6349	5872	255	76	19700	352
55000	471	456	6059	6139	278	108	20759	630
56000	532	441	6268	6000	114	20	19565	231
57000	512	510	5791	6582	95	16	20606	209
58000	516	537	5669	6790	12	0	20077	29
59000	480	441	5827	6756	4	0	21785	0
60000	444	434	5956	6737	13	0	21141	34
61000	409	493	5594	6877	69	13	20456	214
62000	517	489	5904	6499	67	37	20866	92
63000	454	491	5998	6487	30	51	20563	96
64000	436	514	5779	6724	6	49	20694	26
65000	395	541	6027	6536	30	0	20975	33
66000	403	476	5733	6875	45	2	21541	123
67000	360	462	5758	6902	8	0	21998	11
68000	447	437	5930	6610	68	0	21937	116
69000	450	497	5829	6682	77	2	20550	134
70000	445	488	6409	6044	29	23	20644	60
71000	441	464	6343	6186	25	0	21226	11
72000	423	430	6547	5991	52	0	21134	133
73000	439	587	5970	6380	94	31	20550	148
74000	443	482	5665	6804	74	26	22278	190
75000	509	493	6029	6350	86	26	21064	197
76000	361	517	5418	7170	67	6	21052	142
77000	475	551	5748	6595	59	59	19877	209
78000	449	509	5972	6553	30	0	20791	27
79000	486	477	5612	6748	159	33	20209	241
80000	378	468	5564	7032	56	16	22125	75
81000	442	481	6034	6549	9	20	20768	42
82000	423	526	5200	7382	47	6	21642	87
83000	405	485	5553	7057	50	8	21979	75
84000	423	495	5777	6684	110	5	20699	211
85000	488	479	5777	6665	64	23	21606	162
86000	445	498	6011	6394	116	13	21407	191
87000	358	434	5960	6643	81	42	20699	299
88000	429	431	6007	6458	83	26	20554	234
89000	486	505	5935	6381	113	68	19529	289
90000	472	496	5898	6464	79	80	21186	383
91000	456	529	5523	6697	216	82	19817	535
92000	402	525	5536	6640	296	99	20263	590
93000	496	427	5930	5989	595	106	19839	1071
94000	505	406	5760	5654	909	240	19097	1924
95000	388	440	5591	5828	874	396	19406	2163
96000	431	394	6128	5211	994	347	18836	2210
97000	545	382	5788	5171	1268	389	18008	2573
98000	552	385	5864	5061	1322	347	18888	2539
99000	452	438	5377	5551	1303	446	18058	2778
100000	512	397	5477	5207	1585	377	18094	3201
101000	493	397	5837	4773	1502	523	17390	3430
102000	492	378	5640	4666	1808	538	16885	4284
103000	596	373	5499	5006	1651	428	18086	3532
104000	520	426	5170	5000	1995	451	17387	4094
105000	558	367	5496	4632	1727	752	17379	3925
106000	489	358	5670	4818	1521	669	17351	3828
107000	544	368	6301	4387	1483	350	18075	3165
108000	604	356	6785	4311	1057	282	18211	2830
109000	558	366	6202	4905	1071	365	18165	2343
110000	494	366	5600	5206	1288	561	18455	3349
111000	496	433	5563	5142	1453	435	17423	3080
112000	545	430	5840	5227	1163	345	19409	2376
113000	529	418	5748	5088	1340	385	17702	2645
114000	520	396	5552	5548	1197	299	18563	2343
115000	488	412	5895	5507	963	307	18791	2211
116000	436	420	5869	5551	1032	156	19742	1763
117000	513	452	5667	5549	1090	260	17704	2156
118000	509	454	5609	5720	961	256	19081	2149
119000	465	401	5743	5555	1124	263	18652	2158
120000	432	456	5635	5705	1023	294	18691	2379
121000	492	440	5713	5575	978	392	18305	2381
122000	533	386	6178	5237	847	241	19799	1791
123000	428	475	5758	5865	807	177	19271	1395
124000	401	444	5669	6159	615	229	19970	1444
125000	531	411	5848	5339	1025	323	19247	2420
126000	539	476	5623	5623	1009	275	19341	2161
127000	556	410	5743	5206	1297	332	18040	2506
128000	576	404	6205	4724	1181	365	17252	2572
129000	557	399	5826	4781	1529	424	16742	2995
130000	497	412	5765	4657	1853	346	17629	3660
131000	475	448	5483	5005	1477	651	18360	3376
132000	554	395	5682	4401	1985	444	16920	4114
133000	611	368	6390	3522	2133	362	16531	4197
134000	614	360	5443	3971	2617	543	15749	5196
135000	560	311	5523	4105	2495	534	16049	5112
136000	676	306	5813	3412	2634	617	14772	5450
137000	723	340	5460	3359	3047	574	14611	5963
138000	527	260	5841	3527	3004	339	15765	5683
139000	637	327	6294	3315	2457	419	16450	5008
140000	586	302	6142	3836	2150	437	16320	4322
141000	519	351	6139	4253	1799	402	17441	3879
142000	531	356	6337	4204	1603	413	18049	3386
143000	605	323	6144	4283	1554	534	18236	3204
144000	537	389	5912	4276	1952	426	16756	4036
145000	615	342	5793	4108	2174	486	16566	4269
146000	498	369	6048	4074	1970	494	16631	4170
147000	495	444	5511	5021	1765	340	18080	3646
148000	487	444	5493	5216	1596	327	18396	2891
149000	507	427	5541	5258	1358	442	17273	2844
150000	441	372	5422	5599	1274	434	18880	3294
151000	481	405	5636	5054	1507	375	18223	3443
152000	398	440	5945	5619	814	268	19615	1933
153000	492	446	5539	5742	1079	284	19835	2123
154000	520	392	5900	5289	1046	321	18595	2243
155000	464	501	5687	5671	861	339	19513	1997
156000	495	550	5529	6007	748	186	19461	1600
157000	465	479	5369	6195	807	242	19309	1675
158000	448	415	5710	5974	819	162	20349	1894
159000	514	413	6159	5336	848	182	19369	1800
160000	500	477	6235	5657	518	124	19933	987
161000	493	424	6134	5650	686	121	20912	1311
162000	458	401	5972	5773	781	56	20151	1154
163000	488	443	5878	6006	514	180	20309	1145
164000	446	365	6119	5821	549	189	20036	1008
165000	543	444	5990	5985	441	72	20753	814
166000	428	480	5746	6356	361	183	19879	735
167000	409	479	5864	6070	545	137	20568	964
168000	441	435	5856	6155	541	97	19391	927
169000	435	536	5601	6314	349	287	18669	991
170000	478	586	5435	6341	475	232	19212	1071
171000	394	468	5839	6153	488	160	19711	1093
172000	477	440	5911	6132	417	111	21498	957
173000	535	449	5856	6098	299	221	20495	813
174000	423	439	5943	6052	481	104	20293	905
175000	402	495	5730	6132	525	221	20079	878
176000	463	419	5648	6254	546	165	20279	1300
177000	490	466	5615	6332	497	95	19877	946
178000	471	442	5554	6156	794	116	19490	1437
179000	423	456	5612	6267	546	173	20918	1066
180000	417	435	6031	6213	271	143	21119	723
181000	482	509	5838	6288	302	64	19860	761
182000	408	419	5988	6255	336	121	21190	760
183000	420	509	5687	6427	289	174	20194	842
184000	450	511	6063	6292	143	72	21317	437
185000	473	396	6422	6059	56	46	21055	247
186000	439	465	5832	6771	26	1	20573	79
187000	466	585	5765	6649	35	7	21686	45
188000	451	513	5758	6738	21	7	21648	35
189000	400	534	5594	6956	12	18	21326	57
190000	366	556	5629	6943	99	7	21056	156
191000	484	365	5539	7023	88	19	21044	146
192000	414	508	5754	6615	117	53	20737	234
193000	442	458	6042	6373	156	7	20398	220
194000	448	487	6089	5980	393	112	19661	1143
195000	375	475	5979	6176	398	116	19655	874
196000	414	497	5552	6578	375	142	20520	898
197000	483	405	5598	6765	232	62	20497	571
198000	464	461	5730	6607	181	121	20951	398
199000	388	484	5766	6711	81	79	20740	380
200000	476	579	5881	6485	48	32	20469	95
201000	433	427	5694	6890	23	11	21029	59
202000	478	447	6044	6491	3	2	21498	8
203000	510	564	6182	6157	10	2	19602	37
204000	440	503	6376	6103	10	0	19981	11
205000	437	416	7099	5407	28	1	21476	53
206000	619	467	6670	5563	67	4	19870	54
207000	480	510	5868	6489	143	15	21305	243
208000	495	384	6186	6330	95	13	21009	156
209000	467	513	6312	6128	54	19	20812	130
210000	414	401	5872	6738	42	26	20868	106
211000	408	457	5891	6732	6	21	22277	58
212000	431	536	5595	6903	8	8	20853	13
213000	410	479	5860	6721	57	1	21309	150
214000	336	419	6114	6661	29	0	20991	61
215000	480	550	5357	7175	0	0	22348	8
216000	433	464	5625	7042	26	11	21295	105
217000	450	465	5875	6530	123	6	21344	151
218000	440	503	5510	6858	166	57	19879	471
219000	445	439	5933	6506	157	22	20554	304
220000	399	441	6314	6214	60	23	20681	181
221000	455	446	6134	6400	64	24	20826	144
222000	431	442	6330	6184	40	42	20652	157
223000	398	415	6041	6499	131	28	20866	240
224000	435	508	6019	6285	207	62	20195	654
225000	430	456	6158	6002	227	135	20485	564
226000	488	476	5890	6446	193	33	20581	423
227000	488	491	5807	6499	192	31	18961	434
228000	417	461	6221	5851	357	123	20403	620
229000	475	518	5838	6388	268	64	20877	517
230000	444	492	5635	6570	205	63	20618	350
231000	423	482	5501	6528	460	192	19684	793
232000	458	480	5500	6399	515	219	20270	1588
233000	381	478	5513	6497	456	197	20750	1091
234000	510	561	5775	6079	381	192	19168	811
235000	459	454	6016	6092	306	155	20558	791
236000	429	427	5574	6350	631	96	20884	1042
237000	533	494	5608	6274	474	153	20237	1032
238000	447	533	5642	6296	527	83	20087	865
239000	513	444	5735	6091	541	180	20041	1339
240000	563	461	5624	6015	726	113	19344	1682
241000	491	386	5855	5889	704	201	18972	1450
242000	570	405	6259	5436	643	109	19469	1038
243000	533	505	5997	5462	765	277	18565	1726
244000	465	386	6190	5304	877	209	19649	1719
245000	496	443	5565	6105	686	235	20851	1248
246000	449	474	5902	5905	575	187	18986	1433
247000	467	433	5746	5952	645	227	18825	1409
248000	447	495	5993	5891	443	278	20602	968
249000	444	503	6172	5936	283	93	20630	513
