0	0	0	0	14400	0	0	0	0
1000	87	462	2265	11009	30	28	38559	187
2000	86	388	2279	11050	39	63	38247	304
3000	93	445	2326	11011	1	11	37383	58
4000	84	419	2408	10910	63	7	39241	296
5000	84	425	2449	10892	24	7	37820	96
6000	111	422	2275	11024	79	14	37732	320
7000	77	418	2288	11001	56	44	39837	257
8000	71	416	2388	10902	55	59	39281	231
9000	83	418	2356	10915	52	47	37730	303
10000	75	480	2374	10870	55	16	37382	382
11000	103	455	2268	10986	77	4	37280	195
12000	109	431	2323	10913	71	24	37107	224
13000	91	458	2375	10849	58	75	37454	366
14000	98	411	2163	11177	27	50	37945	297
15000	106	414	2320	10896	54	92	38217	280
16000	96	425	2416	10794	56	80	37930	416
17000	105	450	2266	10881	68	68	36379	351
18000	105	456	2137	11108	48	42	38177	303
19000	95	400	2363	10937	46	37	38373	302
20000	64	367	2394	11019	11	13	40048	100
21000	100	416	2381	10996	1	3	37143	27
22000	95	443	2207	11080	55	15	38094	237
23000	80	426	2280	11108	11	1	38986	69
24000	99	410	2439	10935	5	17	37823	141
25000	83	431	2338	11035	0	0	38356	0
26000	108	478	2277	11014	35	11	38343	198
27000	88	399	2456	10860	44	16	37364	173
28000	91	471	2277	10938	78	35	36312	225
29000	92	467	2407	10761	91	63	37991	495
30000	103	444	2342	10688	171	148	36897	727
31000	90	413	2404	10575	299	88	37250	1131
32000	117	429	2236	10659	284	166	36494	1446
33000	137	400	2378	10583	219	155	36932	1299
34000	77	420	2377	10736	165	126	38781	799
35000	100	442	2482	10466	234	163	37428	1206
36000	93	376	2344	10731	165	186	37248	1107
37000	92	431	2353	10680	185	110	36899	856
38000	93	433	2339	10779	112	114	37865	676
39000	78	452	2311	10817	185	53	37988	624
40000	115	402	2221	10732	319	85	36571	998
41000	111	456	2357	10623	269	70	36717	825
42000	100	408	2285	10780	247	89	36258	1354
43000	88	404	2333	10773	130	192	38266	916
44000	98	447	2447	10506	209	137	36895	824
45000	116	407	2269	10677	219	220	37832	1001
46000	113	393	2378	10413	370	192	38069	1473
47000	113	445	2377	10308	399	289	37023	1749
48000	90	397	2256	10517	350	309	36401	1743
49000	106	400	2275	10380	402	328	35941	1895
50000	87	430	2368	10335	366	268	36915	1948
51000	96	405	2305	10417	347	293	36753	2011
52000	128	363	2441	10181	424	318	36155	2314
53000	109	388	2258	10420	493	216	36962	1945
54000	117	394	2455	10346	262	273	35572	1661
55000	98	463	2262	10596	311	177	36128	1704
56000	115	356	2268	10692	294	172	36634	1255
57000	121	428	2506	10253	415	122	36667	1229
58000	124	370	2383	10340	491	152	35651	1945
59000	99	427	2326	10266	457	331	35312	2394
60000	90	407	2299	10184	524	392	36814	2424
61000	127	416	2249	10355	348	357	35663	2158
62000	115	349	2366	10466	335	254	36914	1684
63000	105	455	2386	10608	249	116	36102	911
64000	114	436	2263	10698	250	150	36465	1001
65000	98	384	2314	10849	118	114	36653	583
66000	92	401	2272	10913	135	95	37562	618
67000	102	455	2376	10707	135	84	36530	945
68000	95	379	2162	11008	118	130	37927	418
69000	68	466	2242	10900	99	102	37366	650
70000	99	428	2461	10727	125	58	38127	534
71000	78	441	2255	10839	157	86	38844	577
72000	100	404	2473	10604	190	94	39658	707
73000	97	463	2355	10817	101	38	36912	489
74000	87	456	2491	10663	100	83	37607	466
75000	95	456	2423	10683	128	59	36750	641
76000	83	430	2260	10813	191	99	35765	609
77000	92	420	2261	10976	71	64	38432	329
78000	101	476	2236	10978	60	13	36259	274
79000	101	397	2298	11021	71	24	38882	212
80000	97	443	2352	10944	5	18	37531	120
81000	80	440	2148	11216	13	3	37091	25
82000	91	400	2577	10746	0	7	37544	0
83000	99	450	2433	10819	68	15	37898	331
84000	85	403	2307	11030	62	11	40330	159
85000	116	437	2412	10837	19	32	37853	139
86000	84	408	2336	10959	19	66	38420	153
87000	117	457	2316	10905	18	45	38368	149
88000	81	459	2296	11048	14	8	39797	195
89000	103	394	2326	11013	18	42	38800	121
90000	87	419	2435	10918	4	6	38689	14
91000	89	413	2363	10965	2	33	38874	100
92000	90	426	2480	10886	7	19	39062	62
93000	79	416	2218	11075	67	17	38759	176
94000	88	452	2299	10948	47	20	39076	142
95000	91	469	2431	10805	32	31	38276	129
96000	97	435	2241	11046	18	67	38862	190
97000	91	468	2421	10787	15	72	37519	210
98000	79	424	2311	10966	52	56	39123	381
99000	122	447	2462	10737	54	17	36776	105
100000	73	424	2266	11040	58	31	37436	250
101000	87	453	2411	10872	71	8	37854	229
102000	88	458	2315	10885	66	75	38393	248
103000	109	402	2439	10743	98	84	37225	589
104000	88	434	2428	10660	224	68	38965	756
105000	91	399	2400	10722	191	76	38558	562
106000	101	462	2360	10759	146	63	38445	557
107000	111	417	2412	10755	76	103	36417	558
108000	90	397	2433	10838	58	77	38426	341
109000	86	458	2281	10959	87	50	38513	288
110000	74	437	2198	11098	40	55	37927	354
111000	88	425	2276	10958	112	66	37367	691
112000	63	379	2189	10974	172	66	38292	732
113000	123	482	2324	10784	128	31	37490	447
114000	99	402	2412	10572	246	117	37649	1094
115000	104	392	2202	10676	257	253	37899	1163
116000	114	404	2305	10425	410	193	34865	1627
117000	111	386	2473	10254	450	205	37152	1710
118000	112	443	2241	10353	425	288	36299	1743
119000	103	384	2339	10602	252	259	35416	1381
120000	102	415	2202	10631	342	177	37266	1553
121000	89	412	2329	10685	259	128	38452	1170
122000	102	465	2350	10630	221	113	37197	997
123000	82	389	2191	10827	241	178	38242	1247
124000	85	392	2249	10948	159	89	38263	818
125000	110	438	2279	10797	214	82	36807	970
126000	117	410	2272	10901	93	61	38408	524
127000	105	440	2379	10901	19	36	39083	205
128000	105	439	2305	11020	6	5	37933	3
129000	74	425	2348	10937	74	36	39046	261
130000	76	455	2295	11002	77	24	38499	272
131000	90	400	2277	10986	95	62	37589	542
132000	84	534	2309	10832	72	23	38411	233
133000	96	397	2361	10843	74	92	38774	397
134000	77	407	2199	11107	40	67	38578	401
135000	89	459	2180	11087	42	27	38167	118
136000	87	411	2315	10938	36	37	38649	108
137000	99	393	2431	10773	96	86	38420	476
138000	114	442	2276	10701	253	88	36668	961
139000	91	410	2333	10782	178	127	37727	606
140000	105	434	2362	10626	190	128	36837	1159
141000	98	431	2402	10600	191	173	36404	1080
142000	100	404	2255	10608	384	153	37020	1220
143000	116	473	2185	10559	343	227	37229	1472
144000	109	379	2338	10606	213	237	37412	1310
145000	98	446	2413	10398	336	207	37255	1266
146000	99	379	2260	10143	581	436	35660	2653
147000	102	456	2169	9848	887	444	34617	3632
148000	109	402	2158	9947	720	521	35135	3772
149000	93	438	2334	10008	628	389	35647	2830
150000	104	393	2245	10218	573	345	36828	2718
151000	88	412	2207	10178	591	415	36581	3274
152000	138	445	2362	9714	722	478	35454	3342
153000	114	383	2280	10055	732	320	35836	2853
154000	138	462	2325	9847	705	365	35600	3095
155000	121	444	2141	9936	838	456	36006	3287
156000	97	440	2253	9735	876	517	34381	3710
157000	147	408	2386	9762	810	382	34943	3087
158000	125	411	2308	10068	546	438	34849	2677
159000	101	391	2221	9899	761	513	35725	3618
160000	105	425	2222	10150	642	384	37017	2881
161000	105	366	2321	9879	631	562	35977	3581
162000	105	447	2345	9904	671	428	34985	3165
163000	97	390	2439	10042	621	274	34940	2550
164000	109	415	2221	10248	501	460	35244	3106
165000	90	386	2269	10333	547	267	36180	2335
166000	145	460	2172	10246	521	349	36042	2370
167000	83	392	2314	10212	536	319	37218	2081
168000	113	469	2319	10387	333	259	35720	1924
169000	95	438	2346	10482	298	191	36168	1288
170000	99	409	2371	10293	388	287	36441	2194
171000	97	424	2205	10372	468	329	37260	2069
172000	104	407	2351	10080	526	425	35184	2698
173000	114	443	2455	9990	553	329	35403	2951
174000	106	365	2311	10078	623	361	36161	3176
175000	108	400	2335	10208	468	353	35779	2094
176000	115	426	2147	10475	415	348	35712	2282
177000	108	367	2436	10099	525	333	36289	2362
178000	103	486	2074	10235	613	368	35337	2348
179000	152	441	2291	9914	731	361	33957	2805
180000	113	421	2221	9908	780	440	36137	3226
181000	120	376	2282	9571	950	637	33175	4069
182000	123	346	2359	9224	1132	666	34458	5612
183000	124	365	2236	9133	1352	642	33087	5444
184000	140	370	2307	9137	1278	668	33539	5063
185000	150	406	2275	9566	889	602	32488	4417
186000	119	382	2280	9578	974	561	33449	4829
187000	130	423	2191	9782	840	519	34203	3986
188000	104	441	2313	9939	599	489	35535	3264
189000	99	471	2335	10210	488	275	35743	2451
190000	116	386	2185	10337	580	280	35692	2772
191000	111	387	2235	10408	527	197	35741	2286
192000	95	424	2477	10118	401	362	35438	2446
193000	108	431	2236	10305	515	297	35436	2238
194000	84	443	2185	10349	486	390	35630	2840
195000	111	401	2439	9982	612	318	33680	2955
196000	92	402	2324	10155	563	388	35166	2623
197000	136	457	2453	9973	494	359	35977	2527
198000	99	471	2461	10223	324	269	36088	1816
199000	107	424	2234	10628	262	219	36835	1469
200000	101	408	2484	10455	226	154	35823	942
201000	107	463	2336	10503	351	146	35146	1474
202000	91	416	2450	10489	292	164	36910	1135
203000	89	490	2348	10516	254	155	38028	1057
204000	88	419	2430	10772	135	79	38040	818
205000	103	439	2254	10613	314	175	36960	1433
206000	90	426	2366	10664	241	121	38672	926
207000	86	461	2269	10586	241	250	36793	1637
208000	95	375	2455	10364	373	201	37852	1776
209000	109	429	2211	10639	325	160	36699	1243
210000	94	427	2338	10580	258	166	39052	1218
211000	123	411	2498	10436	210	131	36715	886
212000	85	427	2241	10971	95	60	38751	432
213000	114	403	2319	10898	82	42	37640	359
214000	107	386	2431	10696	193	42	39134	374
215000	95	413	2351	10816	124	81	36892	688
216000	106	418	2314	10889	88	90	37126	468
217000	97	434	2305	10975	49	43	38517	247
218000	84	407	2346	10946	94	8	38430	159
219000	107	393	2242	11049	91	10	37440	181
220000	92	414	2329	11008	31	41	37634	239
221000	103	417	2178	11115	50	44	37958	307
222000	86	379	2319	11009	20	37	36683	230
223000	92	441	2238	11114	0	1	39245	19
224000	85	420	2344	10949	36	45	38657	181
225000	83	409	2310	11007	36	31	37784	272
226000	90	465	2188	11075	55	42	37564	250
227000	64	454	2491	10784	40	37	37775	207
228000	98	485	2226	11070	14	18	37190	133
229000	96	394	2325	10991	1	28	38958	105
230000	87	421	2353	11028	4	17	39323	56
231000	88	436	2467	10823	3	35	39208	90
232000	111	397	2512	10720	71	32	39936	250
233000	89	421	2315	11003	11	25	38077	57
234000	84	442	2277	11080	0	11	39343	86
235000	104	401	2255	11095	2	28	38694	34
236000	75	392	2359	10979	15	5	38554	52
237000	91	427	2534	10784	8	0	37881	20
238000	72	443	2242	11069	16	34	38238	55
239000	99	457	2345	10940	18	22	37013	196
240000	92	412	2294	11071	16	16	39826	107
241000	103	450	2290	10962	32	69	37263	308
242000	83	404	2328	10924	51	69	40109	331
243000	104	446	2491	10742	14	59	37860	219
244000	89	443	2426	10847	34	17	36494	186
245000	62	411	2380	11039	3	2	38141	12
246000	107	390	2514	10809	0	17	38455	0
247000	81	396	2259	11150	29	14	36712	87
248000	95	438	2423	10902	0	0	38517	1
249000	87	442	2265	11036	12	25	38853	112
