0	0	0	0	14400	0	0	0	0
1000	318	638	4540	8104	12	38	22029	101
2000	406	428	5667	6933	69	9	22866	180
3000	449	526	5972	6551	0	0	20857	1
4000	458	449	5672	6909	11	0	21374	42
5000	392	514	5918	6653	29	1	20617	36
6000	484	529	6430	5959	19	0	20671	9
7000	424	370	6701	5827	32	55	19968	199
8000	460	395	6057	6325	146	19	20850	220
9000	394	491	5968	6522	91	42	20606	195
10000	434	515	5616	6856	68	15	19144	66
11000	415	535	5761	6776	53	0	20678	211
12000	399	486	5568	7055	25	5	20002	34
13000	376	601	5204	7300	54	0	20433	82
14000	396	500	5820	6709	33	0	21864	60
15000	538	508	6151	6194	48	7	20794	155
16000	529	465	6001	6473	40	2	20613	63
17000	398	476	6288	6304	17	0	22477	91
18000	468	516	5759	6747	55	0	21439	0
19000	430	535	5587	6954	25	6	20293	100
20000	355	452	5567	7124	15	33	21501	103
21000	414	438	6061	6530	24	0	20306	49
22000	470	446	5828	6783	6	4	20861	28
23000	415	576	5624	6732	124	11	21171	221
24000	426	458	5632	6943	48	16	20059	130
25000	452	528	5696	6763	69	2	20898	64
26000	507	425	5970	6512	48	2	20412	113
27000	493	496	6060	6380	39	22	20114	75
28000	411	441	6161	6421	0	5	21124	38
29000	384	427	6221	6323	107	1	21636	98
30000	466	477	6056	6424	44	35	20269	173
31000	467	536	5513	6909	102	6	20653	215
32000	375	454	5705	6781	192	29	19388	339
33000	478	536	5473	6812	175	70	20383	428
34000	496	497	6187	6194	139	19	20753	297
35000	410	400	6208	6301	121	17	21469	315
36000	407	460	5638	6937	72	27	22058	239
37000	479	515	5773	6648	54	12	20133	75
38000	466	516	5671	6763	87	32	21415	252
39000	374	600	5082	7353	98	40	19775	157
40000	419	514	5784	6561	141	80	21369	184
41000	410	495	5795	6493	196	142	19610	573
42000	415	498	5638	6637	310	49	20535	768
43000	417	536	5499	6631	321	143	20148	926
44000	425	534	5931	6091	427	99	19970	941
45000	428	444	5970	6150	406	117	19317	608
46000	502	406	6191	6079	205	117	20731	613
47000	478	466	6162	6052	252	69	20417	509
48000	428	422	6007	6461	122	36	20221	226
49000	411	572	6105	6359	24	27	20194	129
50000	450	538	5896	6593	23	0	21521	87
51000	371	520	5773	6789	40	14	22402	117
52000	428	459	5756	6791	22	0	20247	25
53000	403	466	5903	6717	52	0	21332	38
54000	449	548	6025	6451	50	3	19783	148
55000	410	502	6072	6470	48	25	21056	168
56000	460	508	5726	6768	4	12	20469	2
57000	442	512	5725	6797	0	0	21531	1
58000	430	523	5698	6785	67	9	21846	183
59000	422	464	5654	6918	32	17	21479	40
60000	410	442	5802	6742	57	44	21593	268
61000	647	484	6305	5934	66	17	20624	57
62000	456	483	6081	6356	112	21	21402	208
63000	433	453	6732	5787	30	18	21093	64
64000	431	464	6187	6415	21	0	22047	9
65000	439	420	6471	6074	56	0	21963	27
66000	470	403	6393	6127	30	17	20470	105
67000	512	376	6462	5977	25	56	21292	92
68000	433	574	6142	6258	29	12	20624	90
69000	377	470	5612	7033	51	1	21188	91
70000	491	480	5951	6402	138	20	20784	293
71000	387	455	5687	6811	137	27	20525	275
72000	464	517	6297	6057	93	40	21178	196
73000	442	461	5926	6483	122	76	20748	428
74000	444	476	5736	6570	244	61	21057	421
75000	406	456	5743	6788	92	21	20626	247
76000	479	536	5669	6616	113	95	20240	307
77000	398	510	5834	6589	61	80	20644	279
78000	377	462	5772	6645	105	143	20987	310
79000	429	537	5507	6675	239	138	19813	500
80000	399	496	5503	6771	284	79	20347	738
81000	564	476	5844	6181	359	97	19224	764
82000	443	399	6012	6145	306	217	18943	889
83000	473	452	6179	5928	327	108	21220	693
84000	581	498	6210	5896	235	55	19607	609
85000	451	470	6099	6345	90	57	20350	208
86000	469	482	5353	6945	185	101	21416	443
87000	495	484	5937	6384	156	67	21014	381
88000	478	426	6302	6262	49	13	20948	169
89000	429	451	5445	6949	245	42	19869	477
90000	452	546	5783	6425	268	67	20091	396
91000	420	494	6133	6307	92	32	19680	214
92000	488	491	5993	6435	35	42	21838	119
93000	401	485	6266	6337	2	16	20159	39
94000	428	481	5912	6545	61	20	21192	126
95000	390	453	5598	7002	85	29	21227	196
96000	400	548	5366	7185	74	10	20657	117
97000	439	472	5775	6801	54	10	21141	181
98000	423	536	5814	6690	34	5	21243	172
99000	488	401	6334	6258	17	0	21451	9
100000	397	491	6027	6550	26	15	19877	172
101000	396	526	5868	6616	30	42	21764	60
102000	507	554	5948	6424	57	3	19696	66
103000	397	521	5554	7046	15	0	21097	31
104000	429	449	5753	6864	23	14	20840	98
105000	394	498	5982	6555	109	5	20516	123
106000	456	467	5865	6529	115	38	20065	192
107000	437	479	6071	6458	36	51	20217	318
108000	479	552	5498	6946	89	7	21205	136
109000	422	462	5716	6860	36	18	21636	149
110000	426	583	5576	6886	28	6	20304	66
111000	458	469	5629	6918	47	9	20364	24
112000	516	652	5766	6564	6	14	19642	48
113000	473	538	5938	6531	13	0	21228	0
114000	380	505	5533	7102	21	0	20927	61
115000	423	509	5703	6785	21	45	21382	99
116000	447	454	5930	6540	93	26	20024	294
117000	396	451	5832	6760	36	52	21261	227
118000	427	469	6137	6419	32	3	20404	81
119000	465	479	5792	6595	71	0	20958	0
120000	395	484	5453	7193	18	8	21681	91
121000	404	431	5646	6906	134	24	20467	297
122000	438	485	6146	6284	82	28	20229	216
123000	453	515	5898	6564	14	36	20642	83
124000	508	419	6096	6455	0	1	21355	8
125000	429	505	5822	6669	29	23	21038	117
126000	486	524	5468	6991	37	15	21333	164
127000	376	389	6035	6607	79	26	20244	134
128000	430	478	5985	6476	106	14	20172	245
129000	376	500	5805	6824	17	9	21619	39
130000	384	457	5627	6968	76	8	21281	173
131000	451	460	5685	6858	15	17	21998	25
132000	409	495	5762	6813	18	9	21204	90
133000	440	549	6412	5983	25	0	21877	57
134000	428	588	6187	6159	63	0	20192	26
135000	424	405	6175	6385	27	35	21387	60
136000	422	519	5842	6692	39	8	20506	93
137000	446	421	6397	6068	67	28	21232	191
138000	447	473	6027	6449	48	35	21573	94
139000	411	472	6230	6318	40	1	21709	81
140000	425	431	6165	6500	11	1	21697	6
141000	428	506	5816	6664	60	22	20942	153
142000	485	486	5960	6483	39	48	19173	106
143000	409	551	5689	6848	15	2	20685	4
144000	346	522	5714	6930	8	0	20676	23
145000	421	521	5747	6805	41	0	21036	0
146000	462	479	5964	6540	104	3	21293	137
147000	415	519	5487	6630	428	69	21274	772
148000	487	510	5762	6439	172	134	20311	399
149000	523	493	5991	6091	313	74	18937	669
150000	462	389	5933	6351	271	80	21046	589
151000	435	522	5730	6351	359	102	20006	843
152000	435	508	5871	6445	175	54	20446	249
153000	449	541	5437	6764	233	100	20224	503
154000	512	521	5821	6204	310	162	20139	884
155000	398	435	5179	6949	451	195	19928	1117
156000	435	526	5661	6546	275	85	20715	668
157000	510	483	5905	6265	259	60	20381	414
158000	470	415	6167	6205	102	79	20604	279
159000	428	398	6410	6214	3	4	21702	34
160000	464	386	6427	6093	66	8	19766	227
161000	447	478	6407	6148	15	1	21700	46
162000	469	504	5601	6894	13	0	20224	14
163000	408	541	5710	6846	6	3	21294	25
164000	433	532	6035	6379	101	11	20526	168
165000	427	494	5371	7163	47	19	20827	189
166000	374	479	5414	7295	10	0	20599	7
167000	344	439	5709	6981	11	4	21534	53
168000	411	491	5576	6922	127	12	21032	182
169000	374	498	5732	6890	28	17	21415	105
170000	401	469	5793	6750	56	1	21379	34
171000	371	513	5527	7001	71	35	21148	94
172000	402	426	5617	6988	89	51	20643	200
173000	500	445	6069	6356	96	24	21003	121
174000	450	481	6216	6256	47	59	20987	113
175000	475	429	6025	6500	40	11	21350	80
176000	483	442	6155	6348	20	10	20274	42
177000	437	593	5640	6781	1	0	21711	0
178000	433	513	6067	6453	35	0	20218	16
179000	447	366	5738	6895	46	20	20512	124
180000	433	448	6345	6231	1	1	21311	27
181000	373	450	5917	6756	24	0	21196	44
182000	422	506	5701	6864	57	1	21178	17
183000	483	484	5911	6573	32	18	20886	89
184000	459	498	5821	6568	119	41	20147	114
185000	393	513	6089	6290	95	79	20292	292
186000	424	521	5709	6775	54	47	20785	190
187000	369	460	5631	7048	0	1	20084	14
188000	375	502	5888	6731	3	0	20862	3
189000	470	469	5996	6429	92	6	20528	226
190000	442	490	5499	7080	14	11	21164	42
191000	467	446	6295	6229	7	0	20602	17
192000	544	470	6216	6201	23	1	20714	45
193000	464	535	6044	6421	3	0	19921	3
194000	509	500	6074	6354	26	19	20584	113
195000	415	464	6080	6517	50	2	21540	30
196000	428	435	6426	6137	6	1	21018	11
197000	514	513	6116	6221	123	7	20806	188
198000	468	463	6098	6406	19	4	20778	81
199000	432	443	5866	6680	47	27	21036	123
200000	476	439	6055	6488	0	8	21249	22
201000	480	504	6001	6450	17	34	21601	77
202000	390	546	5488	7102	32	1	20955	70
203000	388	472	6114	6378	104	7	21092	156
204000	405	516	5510	7024	105	7	21085	319
205000	457	478	5750	6701	129	38	20837	245
206000	500	562	5966	6335	132	13	20638	271
207000	403	538	5602	6727	207	39	21000	307
208000	411	396	6050	6422	141	41	20340	428
209000	445	528	5880	6298	271	65	20104	618
210000	443	494	5733	6204	395	275	19303	1015
211000	525	466	5808	5919	561	242	19453	1535
212000	521	512	5705	5554	788	428	18229	1587
213000	468	386	5636	5268	1437	306	18372	2317
214000	531	400	5635	5016	1637	353	18471	3242
215000	514	451	5543	5282	1339	369	18549	2620
216000	480	396	5577	5513	1117	421	18144	2507
217000	508	415	5587	5364	1180	453	17517	3157
218000	526	499	5948	5046	1040	429	17194	2294
219000	494	478	5676	5556	979	340	17990	2000
220000	521	427	6104	5231	915	321	18919	2162
221000	549	416	5700	5297	1240	316	18713	2574
222000	460	449	5500	5490	1177	415	18243	2286
223000	454	474	5723	5756	885	261	19437	2057
224000	590	431	5814	5342	946	373	17020	2188
225000	474	426	5974	5288	931	367	19053	2340
226000	486	375	6099	5332	953	191	18502	1975
227000	491	399	5633	5733	929	280	18299	1971
228000	424	394	5803	5719	933	296	19099	2114
229000	481	365	6057	5309	893	358	18807	1922
230000	536	396	5692	5504	1034	342	19058	2277
231000	509	398	5968	5191	1072	361	19426	2158
232000	511	424	6050	5165	1044	292	19167	2108
233000	554	367	6406	4763	1090	204	18498	2462
234000	547	335	6316	5130	892	226	19164	1892
235000	424	490	5795	5625	874	316	20201	2116
236000	553	453	5503	5534	1107	324	18138	2549
237000	527	410	5640	5578	996	378	18320	2418
238000	473	408	5842	5667	737	357	18861	1520
239000	471	462	5457	6040	881	279	19346	1936
240000	490	431	5842	5784	765	196	19717	1483
241000	511	465	5979	5814	624	112	19193	1033
242000	415	440	6127	5965	406	144	20869	876
243000	452	486	5985	6037	344	168	19385	802
244000	455	405	5980	6099	406	129	20988	899
245000	447	479	5771	6484	224	104	21244	425
246000	400	551	5958	6302	228	68	20120	544
247000	580	424	6086	5914	358	102	19466	842
248000	463	404	5940	6242	356	114	21213	706
249000	481	396	5722	6532	318	80	20190	932
