0	0	0	0	14400	0	0	0	0
1000	436	473	5446	7041	59	26	20359	115
2000	494	375	7225	5154	97	40	21143	204
3000	615	322	8020	3966	233	85	19596	444
4000	760	281	8678	3090	307	28	19356	747
5000	637	233	8920	3222	88	3	20745	228
6000	586	229	9155	3137	19	2	21078	66
7000	685	196	9646	2549	8	0	20873	9
8000	730	144	9816	2343	12	0	19910	1
9000	795	141	10177	1865	13	0	20999	7
10000	832	165	10311	1667	1	0	20111	0
11000	783	108	10346	1595	63	0	20526	109
12000	801	94	10742	1300	33	0	19669	131
13000	730	126	10248	1719	91	0	19915	94
14000	786	170	10025	1935	31	0	20187	108
15000	795	89	10674	1449	7	0	19707	68
16000	736	91	10629	1454	46	0	19746	105
17000	770	204	10040	1942	27	0	19702	4
18000	782	171	9710	2440	25	0	21014	11
19000	776	228	9686	2333	29	0	20053	50
20000	850	169	9873	2023	62	0	20236	100
21000	757	154	10343	1761	0	0	20115	2
22000	872	90	10262	1744	23	0	19698	98
23000	827	105	10189	1772	78	2	19652	151
24000	759	111	9828	2403	4	0	21311	9
25000	576	155	9861	2449	39	5	20402	92
26000	797	183	9284	2785	7	0	20563	1
27000	740	252	9634	2318	37	17	20413	170
28000	781	160	10146	1835	82	12	18823	162
29000	707	179	9857	2199	65	9	20846	212
30000	660	156	9716	2574	64	0	21370	122
31000	805	210	8979	3069	44	0	19574	56
32000	735	237	8754	3454	7	0	20312	20
33000	556	247	8836	3470	69	3	21099	45
34000	626	218	9544	2714	6	35	20675	193
35000	730	238	8816	3271	82	5	19608	69
36000	841	234	8751	3294	60	9	19510	170
37000	665	328	8809	3313	91	0	21170	131
38000	851	197	9114	2895	30	0	20060	87
39000	679	306	8969	3133	3	2	20671	27
40000	710	235	8933	3281	32	0	20933	34
41000	628	233	9021	3229	3	0	21028	7
42000	679	219	9058	3183	40	5	20112	71
43000	828	205	9358	2684	20	0	19846	15
44000	661	195	9194	2993	20	0	20858	15
45000	736	247	9042	3099	0	0	20297	1
46000	714	221	9263	2843	50	0	20873	85
47000	811	219	9543	2446	56	15	21058	47
48000	753	185	9832	2293	51	10	20086	57
49000	771	191	9590	2504	21	0	19949	37
50000	807	166	9952	2053	28	0	19509	28
51000	752	171	9623	2425	67	2	19846	121
52000	683	141	10246	1901	11	17	21016	58
53000	798	162	10325	1724	15	0	19855	6
54000	833	100	10235	1733	24	0	19876	39
55000	903	143	10197	1743	35	0	19372	58
56000	838	103	10251	1793	21	0	19895	22
57000	767	110	10555	1560	7	0	20265	9
58000	681	115	10288	1831	16	0	19541	0
59000	711	111	10290	1929	30	6	20906	57
60000	773	142	10394	1650	65	1	20524	120
61000	853	69	10623	1388	11	0	19846	48
62000	826	130	10100	1950	7	0	20219	0
63000	745	210	9810	2255	29	0	19943	58
64000	687	164	9904	2241	0	0	20096	1
65000	674	200	9417	2818	26	0	19586	74
66000	780	153	9749	2214	102	0	19594	239
67000	674	142	9946	2305	0	0	20148	1
68000	769	158	9976	2129	22	0	19696	5
69000	875	95	10445	1543	98	0	20465	137
70000	1005	91	10680	1033	19	0	19913	73
71000	863	101	10817	1025	0	0	19273	1
72000	885	63	11091	885	7	0	19132	16
73000	894	40	11248	687	6	0	20086	20
74000	975	62	11114	740	1	0	19834	0
75000	921	69	10709	1170	14	0	20914	0
76000	906	79	10687	1340	9	0	19837	31
77000	822	85	10600	1436	38	0	19700	65
78000	823	117	10519	1514	7	0	19660	5
79000	700	94	10809	1368	2	0	19907	108
80000	778	169	10107	2016	38	0	20076	41
81000	742	151	9569	2594	13	2	21075	46
82000	719	178	10191	1842	8	22	19489	75
83000	804	124	9840	2213	87	27	20448	239
84000	699	148	9887	2112	205	6	20282	401
85000	692	173	10140	1863	155	1	20337	281
86000	772	133	9704	2074	407	9	19237	570
87000	746	186	9665	2118	326	1	19051	554
88000	670	172	9593	2191	335	60	19843	713
89000	745	127	10282	1673	149	9	19955	242
90000	768	241	9738	2018	318	16	19338	789
91000	776	170	10236	1504	204	59	19188	420
92000	826	149	10103	1709	240	6	20515	346
93000	747	194	9743	2268	131	1	18907	359
94000	829	131	10018	1994	74	0	19904	243
95000	826	184	9873	2109	85	1	19969	172
96000	783	137	10074	1952	46	8	19756	74
97000	921	138	9965	1941	50	0	19508	30
98000	875	103	10345	1432	196	19	20241	243
99000	875	123	9969	2121	3	0	19380	0
100000	758	147	10375	1727	7	0	19882	17
101000	801	103	10487	1606	0	0	20119	1
102000	729	183	10406	1668	21	0	19829	64
103000	820	155	10140	1854	1	0	19441	0
104000	724	190	10049	2058	0	6	20872	41
105000	791	165	9830	2258	22	1	20526	18
106000	736	135	9972	2155	19	0	20722	79
107000	882	193	9443	2567	40	0	20611	1
108000	898	227	9785	2132	34	0	19388	32
109000	898	205	9704	2271	0	0	19905	3
110000	836	225	9388	2559	25	0	19613	42
111000	789	184	9350	2814	8	1	21312	33
112000	669	185	9526	2717	12	0	20296	5
113000	620	204	9177	3132	3	0	20933	7
114000	751	252	9144	2969	35	0	19618	38
115000	664	209	9072	3128	135	5	20284	178
116000	652	163	9284	2725	278	9	21108	323
117000	686	217	9286	2562	371	6	19869	456
118000	660	208	9238	2745	286	32	19436	344
119000	731	169	9441	2389	298	0	18402	546
120000	724	188	9736	2101	256	52	19521	394
121000	795	157	9702	2204	250	11	19517	448
122000	828	164	9925	1738	329	26	18739	540
123000	701	168	9601	2093	466	14	19803	628
124000	737	85	10039	1834	305	24	20528	574
125000	749	163	9975	1833	274	25	20432	488
126000	742	205	9201	2572	337	3	18596	488
127000	659	165	9509	2497	210	85	19444	433
128000	769	169	9824	1914	420	40	19036	933
129000	815	98	9969	1487	552	53	19707	1004
130000	689	175	9411	1890	958	30	18399	1239
131000	801	116	9677	1527	858	82	19025	1558
132000	762	214	8745	2214	1183	93	18255	2201
133000	695	181	8547	1768	1635	322	16688	3180
134000	934	107	9373	1238	1342	104	17716	2267
135000	845	116	9022	1228	1864	70	17069	2509
136000	826	75	9075	1197	1907	37	17386	2521
137000	875	124	9123	1216	1712	109	17434	3010
138000	880	81	9081	1306	1721	66	17718	2887
139000	792	141	8847	1526	1673	138	17520	2829
140000	735	105	9698	1380	1039	109	18032	2285
141000	830	127	9375	1407	1265	108	18461	2256
142000	893	107	9115	1508	1463	84	16715	2785
143000	879	111	9818	1089	1147	54	18031	2058
144000	801	76	8867	1356	1922	149	16870	3692
145000	889	99	9189	821	2043	57	16265	4078
146000	814	66	9667	484	2050	29	17508	3509
147000	844	19	9924	311	1867	83	17685	3070
148000	693	85	9093	613	2424	218	15895	4567
149000	876	49	8845	531	2716	99	14932	5157
150000	809	95	9133	897	2082	100	16586	4152
151000	816	113	9586	1112	1326	112	18193	2422
152000	733	144	8924	2028	1226	154	17849	2362
153000	766	158	9205	2177	684	204	18587	1206
154000	882	105	9494	1595	840	67	18740	1571
155000	711	179	9174	2007	923	70	20302	1588
156000	855	209	8912	2241	830	103	18271	1571
157000	830	142	9051	2272	617	180	18512	1241
158000	692	115	9743	1743	752	76	19479	1469
159000	843	143	9497	1954	712	14	19163	1383
160000	784	151	9873	1550	736	11	18579	1290
161000	987	96	9990	1281	593	10	17830	889
162000	854	156	9817	1703	427	21	19667	565
163000	886	178	9717	1946	284	14	19897	363
164000	841	127	10149	1732	124	12	19140	327
165000	775	188	9429	2476	173	17	20155	400
166000	610	178	9534	2625	147	40	20408	422
167000	663	227	8812	3368	126	28	19767	176
168000	696	170	9427	2777	26	0	20237	123
169000	776	210	9163	2864	158	2	20258	213
170000	697	278	9090	2957	127	53	20035	422
171000	732	200	9030	2831	224	37	20469	410
172000	665	263	8711	3148	364	6	20435	493
173000	777	184	9217	2596	332	13	20085	687
174000	717	170	9329	2440	429	13	19419	785
175000	726	176	9155	2620	429	27	19130	886
176000	739	202	9330	2399	401	30	20205	797
177000	703	153	8816	2890	506	98	19376	1133
178000	688	161	9501	2470	255	29	20577	631
179000	733	82	9933	1964	313	14	19627	589
180000	819	156	9644	2244	203	59	19711	573
181000	613	209	9566	2677	64	1	19915	122
182000	642	183	9114	2941	266	57	20646	461
183000	753	197	9267	2449	409	24	19773	575
184000	814	154	9082	2447	654	27	19174	1032
185000	757	94	9687	1764	745	64	19245	1188
186000	703	145	9700	2080	440	24	19313	783
187000	759	182	9363	2476	310	39	19203	937
188000	628	298	8545	3139	516	75	20121	1159
189000	726	215	8853	2685	619	115	19200	1580
190000	815	184	9123	2349	618	41	18117	971
191000	798	171	9329	2285	472	51	19915	765
192000	802	171	9357	2502	302	35	19118	690
193000	642	218	9255	2579	403	0	19116	726
194000	650	252	8789	2935	467	19	19704	625
195000	688	246	8344	3401	484	48	19398	846
196000	744	264	8017	3668	444	139	19345	834
197000	710	259	9267	2659	186	0	19898	271
198000	712	268	9405	2694	86	1	21237	232
199000	723	199	9588	2575	30	2	19260	41
200000	802	159	9819	2245	18	0	19999	6
201000	815	246	9139	2883	64	0	20071	48
202000	717	174	9527	2667	25	0	19812	113
203000	760	207	9602	2463	16	4	20601	45
204000	703	214	9333	2869	0	0	20412	1
205000	724	203	9105	3098	33	0	20165	0
206000	690	226	9468	2692	32	11	20941	112
207000	890	89	10206	1751	48	2	21133	141
208000	745	118	10150	1962	34	6	19691	77
209000	722	97	10758	1397	11	11	20269	42
210000	781	112	10426	1699	20	7	21829	91
211000	656	132	10137	2077	3	0	21029	5
212000	742	165	9758	2316	52	0	20139	41
213000	653	213	9606	2571	25	0	20435	102
214000	752	160	9579	2562	2	0	20246	6
215000	729	119	10242	1950	26	3	21426	104
216000	702	113	10194	2002	11	1	19639	18
217000	778	156	10386	1630	0	0	20536	1
218000	738	163	10209	1941	0	0	19626	1
219000	677	139	10055	2102	38	0	20903	48
220000	755	140	9892	2211	2	0	20152	0
221000	773	182	10144	1867	25	0	19193	32
222000	741	156	10233	1869	6	0	20844	5
223000	724	169	9958	2006	177	3	20466	273
224000	795	132	10211	1786	62	0	20383	114
225000	742	129	10092	1842	222	10	19917	646
226000	774	142	9719	2155	217	26	19066	435
227000	747	215	9370	2610	205	4	19696	361
228000	794	114	10037	1723	402	0	19622	657
229000	689	139	9679	1935	534	96	18339	1100
230000	828	126	9801	1850	348	56	18980	745
231000	722	127	10448	1306	399	0	19476	617
232000	762	54	10574	1130	508	0	19677	768
233000	849	110	10559	1252	248	2	18397	413
234000	757	205	9557	2376	225	5	20150	390
235000	780	179	9714	2400	70	1	20173	172
236000	714	178	9503	2569	108	10	20033	219
237000	749	220	9583	2532	20	0	19887	59
238000	852	187	9524	2503	19	0	19817	0
239000	681	190	9357	2846	42	0	20884	24
240000	688	201	9573	2573	41	0	20753	72
241000	722	191	9528	2556	30	0	20969	98
242000	664	231	9376	2796	17	0	20609	19
243000	786	222	8812	3344	0	0	19936	1
244000	668	303	8653	3501	43	0	20193	126
245000	769	161	9642	2506	44	0	20069	81
246000	802	115	10450	1605	0	0	20277	13
247000	755	131	10329	1803	0	0	20235	1
248000	736	147	9872	2239	18	0	20137	28
249000	779	165	10338	1729	4	0	20252	1
