0	0	0	0	14400	0	0	0	0
1000	772	1920	3120	7781	66	64	31103	379
2000	837	2097	3236	7380	112	41	29596	437
3000	837	2308	2845	7601	112	57	30141	628
4000	737	2105	3130	7627	131	31	30448	462
5000	722	2154	3085	7650	95	40	30598	431
6000	756	1842	3159	7934	61	21	31034	159
7000	633	2021	3152	7791	128	42	31327	434
8000	723	2069	3069	7811	65	10	32302	165
9000	697	2257	3015	7754	35	16	31194	69
10000	741	2203	3251	7494	23	35	31223	228
11000	780	2169	3061	7650	65	23	29525	219
12000	676	2067	3084	7869	44	33	31373	265
13000	657	2059	2900	8093	48	43	32315	253
14000	745	2080	3024	7859	24	26	31186	122
15000	649	2251	2829	7974	41	14	31148	131
16000	738	2311	2864	7717	69	27	29864	345
17000	822	1908	3192	7640	88	63	30409	536
18000	757	2128	3041	7705	79	29	30565	334
19000	691	2033	2931	7951	129	36	30853	564
20000	661	2133	2885	7994	61	28	31429	276
21000	731	2176	2971	7864	41	15	29901	132
22000	749	2221	3232	7518	30	3	31140	66
23000	804	1985	3292	7635	0	6	31273	2
24000	809	2293	3123	7387	122	7	30217	355
25000	788	2194	3035	7605	76	29	30395	259
26000	748	2352	3016	7608	32	10	29599	41
27000	780	2234	3071	7625	5	6	31459	121
28000	738	2268	3023	7628	57	4	30081	138
29000	855	2283	3004	7575	29	3	30328	104
30000	791	2129	3292	7479	20	0	30789	71
31000	767	2182	3076	7724	26	5	30367	103
32000	723	2041	3346	7591	22	11	30432	172
33000	796	2127	3027	7799	0	0	30834	1
34000	706	2236	3001	7752	34	22	30410	152
35000	858	2312	2950	7539	52	17	29039	189
36000	835	2062	3071	7753	22	16	30300	131
37000	718	2182	3084	7750	14	17	30066	80
38000	751	2111	3322	7556	15	0	30775	27
39000	768	2154	3127	7669	41	5	30048	117
40000	805	1966	2986	7890	104	1	29928	248
41000	774	1939	3079	7768	124	14	31544	510
42000	681	1981	3050	7947	72	49	32197	299
43000	800	2160	2926	7735	106	28	29147	335
44000	787	2195	3223	7438	57	41	30634	241
45000	876	2161	3297	7242	71	49	30271	490
46000	778	2015	3310	7483	84	42	31808	388
47000	734	2255	3062	7661	45	31	29771	241
48000	621	2127	3133	7784	81	21	31592	288
49000	693	2120	2956	7899	70	52	30256	383
50000	821	2099	3236	7396	97	56	30266	474
51000	693	2110	3271	7548	57	31	30297	298
52000	756	2006	3247	7658	101	7	31219	254
53000	789	2096	3004	7667	125	36	31100	417
54000	721	2093	3309	7447	98	64	30624	447
55000	865	2413	3019	7370	33	33	29582	164
56000	699	2085	3096	7866	28	10	30560	123
57000	720	2001	3231	7745	14	8	31345	46
58000	656	1877	3198	7949	68	2	31776	103
59000	684	1989	3117	7870	97	4	32064	247
60000	811	2103	3433	7293	25	29	30769	239
61000	753	2290	3088	7506	58	8	30179	253
62000	713	2062	3119	7804	18	15	30029	178
63000	654	2227	3206	7634	17	18	31204	61
64000	670	2011	3027	8011	21	2	32638	90
65000	745	2122	3184	7608	28	1	31100	11
66000	840	2116	3155	7558	33	36	30191	145
67000	601	2150	2988	7993	37	1	32563	145
68000	654	2166	3242	7683	9	5	30451	65
69000	739	2182	3024	7728	44	6	30188	132
70000	787	2106	3225	7557	26	23	30380	62
71000	749	2198	2829	7978	3	0	30147	41
72000	722	2146	3040	7872	1	1	31809	8
73000	737	2164	3211	7607	13	1	30177	50
74000	780	2179	3069	7685	44	3	30628	109
75000	737	2081	2996	7858	36	7	31097	62
76000	692	2134	3105	7824	13	1	30422	41
77000	677	2004	3199	7805	69	8	31908	211
78000	663	2020	3091	7869	59	63	31117	318
79000	755	1882	3283	7640	121	31	31880	577
80000	808	2004	3092	7648	132	19	30932	590
81000	766	2156	3269	7451	67	22	31036	252
82000	804	2227	2889	7726	57	65	29388	320
83000	793	2005	3092	7669	125	32	30598	287
84000	700	2156	3025	7759	88	32	32251	343
85000	809	2035	3307	7475	114	15	30692	327
86000	699	2030	3021	7859	76	45	31185	458
87000	741	2104	2969	7859	78	45	32091	358
88000	669	2025	3114	7846	61	29	31386	263
89000	717	2102	3071	7782	90	6	31519	394
90000	737	2065	3152	7600	113	43	30333	421
91000	834	2194	3017	7631	69	15	30238	184
92000	789	2323	2830	7769	26	41	30352	194
93000	789	2122	3207	7560	13	28	30699	78
94000	739	2378	2900	7744	23	13	29919	115
95000	773	2241	2924	7837	2	20	32251	54
96000	793	2151	3095	7656	3	0	29333	9
97000	723	2258	3110	7656	0	0	30153	14
98000	711	2001	3056	7930	47	39	30283	130
99000	780	2175	2856	7899	31	24	31819	146
100000	662	2216	3143	7696	12	21	30142	156
101000	696	2178	3052	7800	40	2	31135	160
102000	813	2133	3178	7584	0	0	31857	1
103000	713	2068	3202	7678	69	14	30417	369
104000	750	2028	3103	7778	92	38	32815	347
105000	772	2197	3043	7547	99	63	31443	542
106000	661	1958	3450	7516	84	38	31993	419
107000	706	1964	3250	7758	61	17	31682	285
108000	820	2255	3027	7501	69	58	30312	314
109000	730	1987	3398	7389	143	36	30960	398
110000	769	2121	3086	7655	128	29	29256	397
111000	868	1980	3262	7499	73	53	30015	411
112000	871	2003	2963	7765	123	7	31508	391
113000	805	2055	3147	7562	127	19	30988	414
114000	741	2088	3313	7420	123	33	29994	385
115000	753	1841	3254	7749	92	13	31429	309
116000	673	1922	3092	7907	104	19	32585	299
117000	763	2252	3108	7449	89	34	29942	586
118000	824	2137	2928	7785	85	28	29749	292
119000	697	2112	3157	7664	86	14	31367	356
120000	738	2100	2971	7826	82	6	32254	370
121000	677	2108	3249	7651	51	1	30906	110
122000	776	2274	3039	7631	13	0	30492	69
123000	879	2182	2888	7732	55	5	30029	141
124000	819	2163	3089	7665	14	4	30800	90
125000	645	2017	2976	8096	3	0	31144	29
126000	695	2050	3015	7912	36	1	31095	167
127000	810	1880	3210	7754	12	16	32049	176
128000	750	2179	3105	7685	0	4	30907	1
129000	797	2194	3032	7685	38	23	31005	113
130000	754	2323	3003	7645	25	20	29628	199
131000	760	2069	3236	7693	0	6	30417	1
132000	699	2282	3100	7658	9	7	31138	24
133000	742	2070	3108	7792	0	0	32162	18
134000	716	2261	3098	7619	35	6	30995	119
135000	800	2035	3088	7752	28	27	31949	139
136000	663	2062	3206	7836	5	6	30538	129
137000	672	2025	3320	7617	29	10	31063	160
138000	805	2094	3075	7707	14	13	31183	67
139000	804	2216	3034	7647	40	5	29369	169
140000	727	2242	3122	7636	19	3	31844	69
141000	630	2130	3212	7766	12	0	31197	51
142000	732	2343	3211	7408	79	10	30219	256
143000	768	2155	3003	7685	46	19	31107	210
144000	849	2077	3273	7469	54	30	30709	297
145000	731	2264	3011	7714	30	3	31709	38
146000	712	2025	3079	7930	3	3	31206	34
147000	734	2017	3141	7793	34	8	31341	97
148000	711	2078	3294	7542	74	11	30800	294
149000	698	2217	3036	7727	35	32	32754	81
150000	719	2172	3259	7553	18	19	31158	93
151000	779	2199	3225	7466	37	41	31648	260
152000	771	2228	3105	7485	88	88	29958	731
153000	766	2255	2989	7564	150	38	29823	611
154000	821	2094	2885	7757	167	30	31060	607
155000	790	1847	3312	7579	164	44	30410	660
156000	753	2207	3023	7673	72	42	29772	211
157000	686	1991	3162	7809	112	32	31211	381
158000	894	2058	3368	7263	94	51	30770	331
159000	661	2166	3235	7563	125	39	30069	383
160000	890	2040	2924	7750	105	83	29480	707
161000	825	2171	3215	7311	107	76	31459	337
162000	687	2141	3074	7706	87	46	31266	385
163000	744	2152	3073	7597	122	65	28619	505
164000	740	2182	2954	7713	110	17	30052	469
165000	754	2121	3262	7500	72	11	29464	206
166000	739	2175	3050	7622	81	40	30236	341
167000	684	1956	3144	7775	113	61	30520	546
168000	824	2131	3306	7315	98	55	30389	489
169000	779	2129	3292	7318	100	73	31335	410
170000	817	2027	3038	7674	132	97	29724	559
171000	775	2066	3256	7306	195	103	28763	734
172000	801	2112	3325	7268	102	107	31130	543
173000	788	1916	3228	7550	191	55	30314	652
174000	713	2079	3466	7190	170	56	29712	761
175000	771	1949	3238	7623	109	42	30638	604
176000	780	1868	3196	7804	40	83	30621	404
177000	763	2181	2914	7703	162	45	30920	458
178000	686	2119	3026	7743	171	35	31019	499
179000	747	2143	2919	7858	96	21	32392	334
180000	836	2154	3193	7443	62	41	30615	388
181000	763	2264	3121	7528	52	29	29636	201
182000	779	2153	3246	7480	28	5	31634	97
183000	791	2020	2988	7882	41	6	31155	150
184000	672	2025	3255	7730	0	1	31927	40
185000	771	2082	3270	7513	60	4	31887	156
186000	665	2197	2991	7904	20	8	31518	91
187000	770	2050	3022	7872	25	10	33078	97
188000	706	2046	3295	7608	45	9	30007	214
189000	833	2176	3037	7630	33	0	30743	64
190000	781	2130	3072	7753	22	2	32154	73
191000	753	2146	3216	7586	2	0	30494	24
192000	764	2134	3197	7655	0	4	31493	11
193000	810	2217	3081	7599	36	13	29182	162
194000	767	2017	3433	7481	21	13	32363	121
195000	831	2188	2900	7793	9	29	30518	94
196000	701	2079	3213	7658	17	0	32633	26
197000	798	2258	3063	7666	2	11	29841	7
198000	806	2303	3062	7587	2	0	30560	4
199000	882	2182	3214	7373	64	25	29500	378
200000	716	1854	3048	8078	36	7	31839	182
201000	780	2106	3122	7698	25	15	31048	76
202000	805	2246	3056	7575	34	7	30641	72
203000	683	2123	3172	7712	60	4	30421	212
204000	843	2077	2946	7876	55	15	31990	305
205000	751	2224	2904	7820	90	5	31196	160
206000	696	2297	2834	7746	123	29	30681	450
207000	720	2000	3213	7684	66	37	31940	352
208000	826	2106	2984	7818	19	29	29731	167
209000	753	2028	3195	7661	16	17	31330	175
210000	767	2000	3348	7563	50	15	31484	105
211000	745	2245	3057	7624	48	27	30278	205
212000	751	2209	3012	7760	47	2	31214	212
213000	776	2150	3054	7667	89	4	29453	276
214000	739	1987	3266	7701	25	0	30771	157
215000	821	2148	3144	7555	48	2	30462	132
216000	731	2085	3112	7775	10	16	30247	27
217000	753	2139	3116	7681	50	3	29761	108
218000	836	2165	3056	7681	15	15	30828	43
219000	726	2089	3020	7791	46	33	31031	218
220000	766	2190	2942	7821	15	22	31074	138
221000	624	2134	3083	7880	39	11	31327	100
222000	797	2146	3141	7670	20	2	31166	113
223000	730	2282	3041	7614	26	1	30295	87
224000	798	2203	3096	7581	71	0	30234	177
225000	805	2050	3137	7629	53	10	31385	137
226000	846	1987	3222	7589	17	7	30878	59
227000	788	2035	3046	7875	18	0	31979	44
228000	705	2116	3011	7908	0	0	31817	2
229000	765	2389	3036	7562	8	20	30532	53
230000	811	2199	3107	7660	1	0	29314	13
231000	783	2135	3090	7733	25	4	30923	132
232000	688	2135	3309	7582	26	3	31295	141
233000	705	2029	2997	7946	19	15	31095	56
234000	777	2035	3044	7838	13	24	30869	102
235000	683	2100	3088	7796	46	25	31474	115
236000	813	1988	3336	7538	53	31	30550	158
237000	781	2139	3306	7378	113	35	30033	299
238000	792	2050	2824	7958	121	57	29605	502
239000	749	2187	3021	7713	61	24	30525	267
240000	833	1919	3134	7792	37	11	30176	100
241000	783	2225	3155	7520	30	13	30617	162
242000	744	2007	3182	7691	52	27	30051	180
243000	775	2005	3043	7908	34	16	31166	116
244000	775	2279	3038	7631	15	1	29694	28
245000	817	2275	3072	7521	35	7	28744	102
246000	768	2331	2777	7848	12	1	30567	67
247000	785	2060	2876	8050	1	0	30364	6
248000	704	2032	3229	7747	0	1	31104	16
249000	799	1992	3270	7646	26	9	30374	123
