0	0	0	0	14400	0	0	0	0
1000	767	2324	2833	7791	72	4	30822	197
2000	739	2036	2993	7987	16	21	30813	139
3000	848	2152	3110	7640	6	0	29988	20
4000	729	2359	2811	7806	4	5	30659	60
5000	864	2100	3138	7609	0	6	30800	3
6000	772	2165	3217	7481	87	2	30664	246
7000	739	2148	3064	7657	90	26	30955	310
8000	715	1908	3024	7995	83	42	30569	436
9000	802	1968	3241	7642	49	40	30302	320
10000	795	2250	2987	7667	71	4	29683	224
11000	835	2043	3060	7684	77	39	31038	243
12000	812	2346	2995	7509	46	8	30059	76
13000	738	2269	2871	7781	69	58	29141	281
14000	836	2106	3133	7574	72	31	29372	261
15000	667	2143	3006	7827	86	31	31010	432
16000	818	2169	3064	7555	95	35	31167	295
17000	863	2025	3022	7604	161	61	30227	559
18000	751	2090	2924	7715	184	94	30480	590
19000	757	2195	2960	7665	105	94	29232	560
20000	745	2177	3009	7742	50	39	30593	264
21000	779	2115	2989	7782	75	10	30694	148
22000	732	2125	3119	7772	27	0	31558	19
23000	649	2118	3112	7870	0	2	31885	0
24000	808	2064	3053	7782	31	9	30547	136
25000	781	2073	2938	7910	28	4	31034	81
26000	633	2103	2904	8098	16	11	31857	105
27000	669	1950	3121	7992	23	0	32160	64
28000	843	2061	3162	7680	28	0	31941	21
29000	788	2219	3017	7714	24	2	30587	143
30000	752	1983	3281	7670	39	9	30688	202
31000	718	1983	3246	7758	19	0	32515	14
32000	777	2038	3239	7588	68	14	31076	196
33000	795	2167	2925	7765	86	13	30721	340
34000	752	2216	3187	7463	47	41	30640	294
35000	759	2256	3174	7436	93	17	29876	196
36000	687	2094	2869	8015	85	13	30652	332
37000	804	2076	3179	7603	78	26	31804	288
38000	837	2160	3068	7514	101	64	30121	384
39000	817	2363	2956	7454	86	66	30410	265
40000	789	2312	3143	7396	82	44	29539	309
41000	833	1978	3048	7704	159	16	30255	467
42000	741	1984	3105	7719	136	34	30613	487
43000	709	2150	3150	7609	125	24	30192	367
44000	730	2132	2988	7810	72	16	31183	334
45000	775	2148	2989	7738	55	0	30475	180
46000	773	2052	3264	7626	23	0	30829	133
47000	804	2326	2950	7704	11	5	28995	56
48000	778	2243	3263	7477	14	0	30572	85
49000	752	2386	2951	7701	3	5	30714	15
50000	822	2354	3044	7481	44	4	30318	59
51000	670	2163	3006	7842	19	1	30472	78
52000	766	2131	3122	7615	61	1	30630	118
53000	683	2269	2998	7811	15	10	32202	51
54000	712	2290	3173	7551	36	7	30418	100
55000	765	2066	3176	7678	42	10	30386	106
56000	698	2158	3034	7807	3	7	30903	60
57000	895	2111	3047	7709	0	6	30435	12
58000	799	1917	3295	7684	0	5	31812	3
59000	727	2062	3139	7802	20	0	31600	88
60000	720	2088	3127	7775	48	2	31668	130
61000	722	2008	3285	7623	66	23	31046	169
62000	680	2098	3200	7631	104	9	31235	212
63000	766	2133	3068	7658	70	27	30344	254
64000	775	2340	3056	7525	4	36	32355	56
65000	703	2271	3184	7575	35	21	30045	123
66000	692	2252	3038	7679	24	33	30399	92
67000	784	2196	3052	7619	59	20	30524	355
68000	684	2115	2845	8100	41	29	30201	249
69000	709	2221	2961	7762	40	31	31463	230
70000	779	2160	2994	7694	57	8	31826	122
71000	752	2199	3006	7669	77	33	29921	397
72000	763	2030	3337	7501	32	39	29651	197
73000	698	1998	3162	7869	32	20	31064	60
74000	749	1913	3160	7837	10	24	30760	171
75000	781	2026	3141	7792	22	2	30980	65
76000	850	2335	3024	7548	12	1	30384	129
77000	715	2163	3224	7567	51	0	29684	131
78000	797	2143	3333	7411	48	26	30318	115
79000	691	2320	3156	7567	32	15	28852	293
80000	759	2283	3253	7334	34	34	30853	229
81000	851	2160	2916	7702	54	40	30555	205
82000	686	2029	3179	7794	26	34	31589	112
83000	739	2134	3011	7821	35	0	30771	182
84000	761	2176	3134	7649	11	14	31340	57
85000	819	2186	3073	7648	0	0	30226	16
86000	746	2177	2927	7845	49	26	30584	246
87000	854	2198	3135	7434	80	43	29674	453
88000	714	2229	3093	7632	76	18	31263	149
89000	819	2185	3067	7623	26	21	30408	180
90000	778	2199	2915	7823	49	4	31176	60
91000	818	2105	3122	7582	73	34	31365	197
92000	739	2177	3170	7564	41	19	31036	236
93000	789	2040	3076	7767	32	32	31275	96
94000	714	2224	3049	7639	26	58	29408	173
95000	815	2038	3063	7692	35	82	31892	283
96000	870	2182	3330	7244	60	23	29962	228
97000	871	1999	3137	7653	58	18	31581	210
98000	757	1999	3228	7656	39	26	31720	158
99000	673	2142	3219	7652	27	9	31870	102
100000	776	2031	3169	7717	31	9	31614	52
101000	755	2287	2896	7888	1	8	32310	56
102000	766	2187	3145	7587	10	36	31200	75
103000	791	2199	3021	7691	14	29	29768	197
104000	742	2260	3047	7682	39	24	30000	251
105000	835	2197	3094	7533	76	8	29221	323
106000	841	2145	3300	7371	50	9	31842	245
107000	684	2137	3292	7594	23	27	31054	91
108000	724	2192	2932	7871	37	13	31026	71
109000	770	2278	3102	7522	30	19	30093	109
110000	803	2002	3115	7794	27	17	30803	133
111000	722	2028	3112	7719	61	52	30281	436
112000	803	2244	3152	7459	83	18	29191	207
113000	685	2145	2967	7815	67	38	32683	425
114000	719	2144	2885	7868	124	32	30891	440
115000	743	1939	3249	7679	100	48	31246	489
116000	809	2040	2999	7743	131	31	30037	418
117000	683	2157	3180	7519	163	33	28571	621
118000	766	2142	2861	7775	154	41	31725	608
119000	847	2315	2955	7408	188	43	29005	711
120000	808	2179	2881	7706	135	48	30193	549
121000	753	2049	3110	7597	157	54	30042	769
122000	832	2183	3158	7321	138	73	29707	531
123000	760	2085	3024	7783	55	53	30746	364
124000	677	2114	2871	8059	45	50	31066	251
125000	678	2106	3107	7717	112	25	32042	351
126000	696	2165	3047	7706	103	50	31505	412
127000	708	1858	2916	8152	74	34	31583	305
128000	714	2081	3319	7510	82	15	30044	272
129000	786	2122	3132	7546	124	18	31123	367
130000	746	2240	3083	7631	59	12	31248	181
131000	742	2053	3193	7615	69	22	30346	360
132000	841	2191	2954	7671	61	33	30319	186
133000	786	2129	2909	7850	69	9	30458	331
134000	873	2050	3275	7463	6	28	30564	101
135000	744	2218	2984	7820	26	8	30586	121
136000	834	2087	3142	7649	54	0	30993	186
137000	880	2297	3247	7219	86	2	29601	301
138000	764	2174	3211	7569	72	2	30617	257
139000	823	2072	3000	7799	47	33	30699	161
140000	826	2078	3163	7623	24	8	30910	134
141000	863	2018	2883	7990	3	0	31735	0
142000	701	2054	2963	7907	105	12	31093	311
143000	837	2232	3192	7416	59	3	29053	181
144000	749	2175	2997	7818	14	8	31324	92
145000	770	2015	3221	7702	20	0	30305	39
146000	793	2181	3067	7659	12	9	31447	23
147000	909	2099	3000	7702	16	15	31397	74
148000	839	2278	3014	7593	0	0	29108	5
149000	791	2201	3115	7575	81	3	31680	181
150000	810	2068	3454	7242	106	14	30129	278
151000	739	2054	3083	7776	43	16	30662	123
152000	758	2103	3136	7655	86	10	30659	234
153000	711	2247	3237	7486	84	4	29662	230
154000	814	2073	3351	7421	36	8	30719	77
155000	699	1975	2998	8067	21	23	30690	137
156000	779	2145	3222	7567	7	5	30913	53
157000	670	2245	2937	7853	77	0	30964	81
158000	793	2213	3149	7567	15	6	30576	131
159000	725	1969	3127	7957	0	7	31428	21
160000	832	2011	3195	7587	53	20	31196	197
161000	704	1911	3128	7907	51	26	30938	208
162000	901	1925	3124	7728	27	54	30339	197
163000	693	1989	3218	7857	18	14	32253	69
164000	658	2046	3063	7959	27	8	30554	113
165000	655	2138	3218	7660	36	8	30723	78
166000	745	2096	2956	7942	14	0	30836	44
167000	669	2247	2965	7910	6	0	31026	31
168000	891	2171	3197	7483	32	1	30154	42
169000	748	2260	3039	7610	58	3	30913	193
170000	736	2151	3055	7800	16	23	31692	174
171000	760	2164	3012	7792	12	2	30008	110
172000	789	1870	3169	7825	11	2	29977	83
173000	659	2109	3162	7735	8	3	31625	42
174000	672	2323	2880	7846	5	18	31197	102
175000	755	1986	3074	7886	19	31	30178	125
176000	865	1938	3441	7383	28	50	31287	238
177000	693	2226	2843	7907	51	38	32380	230
178000	741	2004	3044	7841	65	30	30793	325
179000	771	2116	3049	7680	107	24	30019	195
180000	718	2243	3142	7573	60	14	30670	224
181000	782	2280	2940	7695	48	8	30126	97
182000	708	2197	3283	7481	10	31	31019	87
183000	831	2025	3112	7704	19	22	30012	77
184000	828	2013	3138	7656	44	18	30761	165
185000	712	2388	3167	7300	75	63	30015	313
186000	868	2223	2976	7565	64	37	29840	314
187000	836	2171	2865	7831	20	7	30106	93
188000	791	2288	3077	7597	15	4	29955	28
189000	840	2287	3034	7616	5	4	31021	43
190000	765	2115	3175	7603	84	0	30989	0
191000	799	2146	3183	7509	69	39	30289	330
192000	736	2107	3055	7705	106	26	31319	243
193000	818	2118	2944	7665	147	44	29957	430
194000	864	2054	3172	7375	200	54	29896	590
195000	755	1877	3296	7502	260	14	30551	1088
196000	723	1897	3409	7381	244	71	31785	974
197000	692	2043	3274	7469	178	86	30904	635
198000	782	1984	3051	7548	249	150	30218	1046
199000	696	2207	2994	7550	240	79	30315	995
200000	705	1934	3432	7378	178	88	30566	861
201000	782	2018	3232	7410	169	56	31115	684
202000	788	2189	2983	7567	127	80	29967	699
203000	769	2104	3004	7762	83	71	30477	300
204000	796	2156	2776	7912	74	54	30680	447
205000	785	2126	3156	7570	55	45	31169	212
206000	785	2073	3257	7577	34	14	30122	166
207000	703	2204	3101	7663	55	16	31985	197
208000	722	1955	3146	7887	46	6	30512	72
209000	745	2086	3121	7776	16	2	30775	12
210000	649	1934	3281	7833	12	17	32985	40
211000	665	2141	3136	7787	35	6	31438	158
212000	789	1986	3234	7696	30	7	32049	135
213000	782	2207	3006	7766	0	1	30970	5
214000	690	2212	3206	7641	1	21	31559	24
215000	754	2260	2799	7939	4	0	31413	38
216000	850	2181	3047	7516	99	0	30845	25
217000	753	2071	3222	7598	66	21	31140	291
218000	761	2318	2892	7766	23	3	30839	116
219000	731	2126	3159	7623	70	34	31546	248
220000	799	2095	3131	7581	50	44	30281	299
221000	775	1956	3134	7791	46	15	31169	373
222000	772	1987	3083	7710	117	36	30303	450
223000	719	1928	3132	7897	62	17	31284	222
224000	720	2166	2867	7983	43	16	31011	180
225000	820	2138	3125	7608	12	3	31657	35
226000	669	2104	3112	7840	29	6	30280	71
227000	724	2082	3171	7713	39	16	31306	141
228000	747	2213	3157	7562	7	13	31373	68
229000	687	2190	2816	8052	31	18	31736	118
230000	794	2195	2901	7828	31	15	32095	247
231000	791	2085	3031	7827	24	22	31024	166
232000	864	2110	3148	7613	22	9	30805	149
233000	770	2111	3248	7556	10	17	31062	85
234000	821	2355	2984	7570	0	3	29493	8
235000	748	2016	3183	7757	5	0	32011	0
236000	781	1963	3112	7849	7	10	30919	108
237000	772	2066	3179	7675	47	0	31124	199
238000	779	1864	3190	7914	14	15	32146	127
239000	766	2150	2988	7788	6	0	30552	75
240000	824	2060	3080	7767	10	0	31452	22
241000	695	2222	3081	7689	28	5	30923	103
242000	778	2093	3095	7707	12	40	31870	84
243000	755	1861	3393	7690	24	7	32873	167
244000	873	1913	3406	7461	46	4	31823	138
245000	590	2254	3128	7727	16	15	31223	147
246000	793	2073	3039	7822	8	12	31962	54
247000	829	2216	2986	7721	14	1	30838	25
248000	805	2101	3154	7553	98	4	29842	279
249000	798	2042	3257	7463	84	72	30267	453
