0	0	0	0	14400	0	0	0	0
1000	265	641	3359	9431	43	4	21008	56
2000	245	655	3455	9278	64	31	21654	190
3000	253	681	3328	9467	47	33	21108	183
4000	315	691	3473	9177	48	44	20638	209
5000	250	586	3671	9100	116	58	21600	268
6000	261	700	3560	9064	63	65	20444	254
7000	297	636	3780	8876	71	31	20475	111
8000	231	619	3532	9114	123	101	21590	363
9000	259	688	3258	9193	249	105	21071	659
10000	238	779	3311	9150	200	117	20863	459
11000	292	733	3535	8948	120	79	20185	310
12000	274	651	3481	8952	295	75	20945	510
13000	243	656	3431	9203	128	64	22663	426
14000	270	608	3498	9236	103	34	21025	323
15000	288	674	3551	9144	110	28	19894	322
16000	252	670	3591	8986	101	101	20602	318
17000	267	651	3567	8917	151	147	21064	314
18000	282	647	3754	8832	97	116	20975	394
19000	279	711	3362	9075	171	187	20152	575
20000	318	626	3481	8902	194	222	20236	703
21000	279	678	3421	9043	199	126	20752	526
22000	250	649	3632	8956	152	60	20117	263
23000	247	648	3574	9036	166	77	21514	231
24000	280	651	3721	8914	70	67	21685	211
25000	231	533	3730	9192	40	17	22355	70
26000	282	652	3659	9101	5	20	21232	28
27000	310	616	3954	8778	41	3	21491	56
28000	219	648	3484	9352	55	15	22162	87
29000	235	628	3411	9464	14	9	21369	66
30000	254	617	3650	9200	35	12	21737	46
31000	255	646	3542	9227	50	28	20798	98
32000	218	629	3466	9318	33	44	21736	79
33000	232	670	3871	8887	23	26	22611	100
34000	245	674	3599	9225	19	0	20756	25
35000	233	678	3559	9240	37	13	20355	38
36000	236	727	3524	9197	40	44	21412	200
37000	317	631	3659	9032	45	24	20472	120
38000	243	688	3523	9237	17	5	19716	52
39000	271	619	3705	9122	14	0	21116	2
40000	279	624	3781	8994	12	24	20665	186
41000	270	620	3729	9065	23	21	22075	50
42000	280	661	3469	9331	22	9	20899	92
43000	219	680	3653	9130	5	34	20467	41
44000	306	674	3633	9073	12	27	21117	27
45000	259	627	3759	9074	15	11	21276	3
46000	263	703	3511	9236	27	9	21147	67
47000	190	650	3736	9036	126	21	21730	163
48000	250	616	3717	9082	49	22	21185	69
49000	311	686	3723	8942	19	10	20195	38
50000	239	675	3470	9338	11	5	21375	17
51000	247	713	3574	9193	8	16	21595	12
52000	243	671	3475	9349	2	4	20657	1
53000	288	709	3580	9127	0	0	21142	1
54000	245	629	3438	9387	17	11	21739	66
55000	272	632	3669	9111	12	26	22111	38
56000	291	632	3439	9331	25	0	20496	3
57000	286	732	3463	9228	13	21	20234	82
58000	225	655	3353	9539	0	12	21148	0
59000	252	692	3455	9325	4	25	20490	50
60000	301	746	3680	8990	40	10	20756	92
61000	232	676	3560	9211	37	9	21848	38
62000	275	716	3444	9264	23	3	20871	52
63000	225	710	3668	9086	109	6	21248	131
64000	213	619	3614	9087	127	80	21395	228
65000	247	661	3687	9054	42	56	21542	152
66000	285	735	3497	9177	24	12	21013	63
67000	295	689	3727	9029	23	1	21665	40
68000	209	665	3465	9382	4	0	20388	0
69000	271	668	3639	9118	5	13	20891	87
70000	282	677	3622	9103	13	6	21065	20
71000	225	628	3583	9323	1	0	21882	1
72000	269	678	3417	9238	82	23	22037	221
73000	284	756	3528	8936	140	82	20719	504
74000	261	697	3634	8877	152	149	20398	503
75000	280	650	3687	8886	127	79	20931	506
76000	239	667	3534	9161	51	68	21836	289
77000	282	746	3484	9178	43	27	21340	129
78000	267	636	3391	9298	96	63	21634	382
79000	281	637	3828	8800	143	17	21009	165
80000	263	653	3323	9340	177	35	21436	450
81000	264	577	3725	8991	118	22	21649	175
82000	288	673	3611	9101	41	34	21097	239
83000	283	665	3742	8936	75	3	20398	155
84000	253	682	3838	8881	38	12	21461	91
85000	228	615	3442	9347	45	40	21769	72
86000	272	644	3561	9198	36	33	20397	41
87000	303	647	3365	9359	56	39	21697	131
88000	275	710	3600	9016	66	65	20234	261
89000	276	602	3668	9018	102	28	21166	169
90000	279	547	3691	8888	163	107	21298	599
91000	325	594	3591	8913	241	117	20341	740
92000	254	688	3609	8720	331	131	20930	849
93000	282	606	3493	8808	306	252	20163	1158
94000	237	664	3594	8616	372	232	20617	746
95000	280	534	3707	8535	372	282	20849	1047
96000	340	592	3401	8629	552	259	20304	1229
97000	316	646	3749	7870	721	395	19484	1854
98000	260	550	3698	7855	874	467	19007	2573
99000	316	589	3757	7896	731	475	19301	1862
100000	271	582	3686	7881	871	498	19712	2784
101000	364	540	3418	7634	1258	555	19044	2922
102000	289	591	3485	7801	1048	553	19345	2608
103000	278	612	3838	7809	787	402	19487	1780
104000	328	619	3618	8101	738	295	19568	1800
105000	284	625	3693	8044	722	374	20180	1884
106000	322	551	3532	8181	690	441	19325	2217
107000	300	572	3468	8073	912	433	18350	2326
108000	293	545	3530	8144	701	547	19182	2076
109000	322	529	3610	7848	941	463	19209	2523
110000	360	581	3745	7819	830	379	18742	1992
111000	266	595	3550	7926	882	490	20396	2391
112000	319	534	3495	7897	931	531	19524	2324
113000	295	647	3361	7894	931	661	17855	2727
114000	280	634	3562	7609	1018	652	17783	2694
115000	330	587	3352	7934	931	599	19517	2609
116000	287	693	3372	8270	708	456	18172	2136
117000	344	673	3541	8301	554	301	19176	1127
118000	338	635	3618	8549	375	215	19641	1001
119000	306	557	3540	8679	459	177	20302	1032
120000	291	688	3635	8543	338	223	19818	835
121000	259	638	3708	8431	445	233	20340	1226
122000	314	651	3697	8147	518	343	19593	1517
123000	346	582	3534	8336	629	324	19552	1704
124000	332	616	3618	8508	417	235	20929	1021
125000	259	722	3399	8881	318	143	20612	908
126000	296	624	3797	8747	228	52	21254	630
127000	291	712	3664	8821	146	72	20422	301
128000	312	673	3580	9032	88	25	21202	148
129000	264	678	3593	9111	64	61	21464	178
130000	217	631	3409	9405	77	11	22525	141
131000	262	668	3501	9258	13	21	21359	21
132000	302	632	3818	8913	10	40	21393	86
133000	239	676	3556	9267	0	0	21877	1
134000	250	697	3480	9298	13	0	21727	20
135000	260	617	3538	9257	41	20	22533	89
136000	240	679	3531	9239	34	17	20347	111
137000	283	657	3609	9144	63	0	21449	41
138000	261	690	3604	9168	16	2	20641	10
139000	272	703	3557	9177	14	0	21273	24
140000	258	710	3615	9165	3	11	21049	11
141000	265	631	3508	9335	14	8	21238	48
142000	252	694	3605	9120	26	3	21732	29
143000	257	628	3610	9239	3	0	21195	1
144000	251	673	3923	8860	0	0	22343	1
145000	279	659	3579	9164	24	59	21056	227
146000	263	683	3590	9126	39	15	20175	46
147000	256	634	3652	9192	7	6	21601	45
148000	242	665	3550	9301	22	23	21207	70
149000	255	664	3552	9229	44	22	21779	156
150000	240	685	3689	9068	46	5	21097	59
151000	261	629	3571	9227	40	9	21760	90
152000	311	659	3668	9066	14	6	21261	12
153000	245	593	3927	8959	1	0	21883	7
154000	272	584	3497	9303	42	15	21251	113
155000	338	667	3772	8888	62	40	20838	136
156000	306	667	3837	8849	51	20	21184	156
157000	301	628	3541	9194	42	7	21439	76
158000	295	635	3723	8998	66	6	20843	93
159000	259	629	3565	9067	184	45	20129	319
160000	285	649	3521	9032	127	103	20827	498
161000	210	547	3582	9100	217	115	21499	620
162000	286	650	3437	9179	144	39	20493	213
163000	260	713	3561	9146	43	24	22598	63
164000	248	688	3650	9056	45	17	20347	149
165000	262	692	3460	9200	95	46	20748	156
166000	255	641	3516	9293	52	6	21385	105
167000	251	689	3464	9340	34	4	21783	71
168000	271	655	3793	8986	2	0	21716	1
169000	285	702	3603	9079	47	17	20708	95
170000	268	712	3580	9018	73	73	20720	312
171000	235	631	3652	9077	113	41	21801	175
172000	283	699	3720	8920	57	62	20677	168
173000	237	530	3734	8996	153	88	20871	396
174000	313	639	3516	9026	175	89	21135	501
175000	269	642	3479	9139	159	58	20481	353
176000	279	703	3712	8803	121	94	21013	389
177000	280	608	3400	9328	90	69	21558	378
178000	221	619	3718	8935	149	49	21750	272
179000	251	673	3763	8881	84	68	21043	208
180000	248	651	3455	9306	47	69	21880	174
181000	230	636	3607	9201	38	18	22315	62
182000	244	688	3499	9223	62	16	20471	181
183000	283	648	3531	9243	25	13	22259	64
184000	210	695	3397	9434	0	0	21887	2
185000	295	666	3691	9008	53	22	21945	152
186000	306	664	3519	9184	13	26	21221	50
187000	252	666	3696	9116	10	0	21201	16
188000	253	644	3587	9168	58	4	21311	239
189000	288	639	3560	9189	56	33	19853	161
190000	309	630	3829	8870	20	32	21474	107
191000	255	637	3549	9267	20	0	21690	38
192000	289	665	3432	9335	8	8	21356	49
193000	287	644	3531	9155	97	12	21721	201
194000	287	650	3374	9334	73	40	20045	158
195000	231	653	3589	9138	116	43	19724	274
196000	263	689	3613	9096	52	8	21605	50
197000	215	694	3287	9460	91	29	20729	206
198000	275	590	3636	9061	88	69	21490	225
199000	274	619	3707	8971	85	70	20542	248
200000	266	698	3595	9081	83	32	20785	132
201000	255	638	3527	9301	62	19	19976	145
202000	258	700	3604	9133	42	10	20425	60
203000	263	647	3657	9126	29	13	22099	34
204000	247	607	3712	9099	50	23	22140	103
205000	303	665	3519	9209	24	16	20944	69
206000	266	591	3673	9208	0	11	22226	0
207000	219	661	3647	9148	68	5	21957	113
208000	286	710	3471	9223	33	9	21515	153
209000	226	639	3722	9070	77	9	21160	60
210000	286	547	3769	9071	19	38	21617	81
211000	264	692	3508	9253	20	5	21077	28
212000	224	606	3607	9231	76	17	21115	105
213000	303	742	3418	9188	92	32	19793	256
214000	236	620	3504	9363	28	12	21784	130
215000	294	695	3845	8791	24	18	21195	114
216000	254	612	3798	9078	1	4	22024	7
217000	255	695	3563	9194	51	0	20641	76
218000	299	664	3629	9083	26	41	21030	96
219000	248	698	3658	9049	48	14	21112	136
220000	263	634	3763	8934	107	43	21188	293
221000	251	662	3688	9111	4	1	21827	1
222000	239	620	3506	9302	99	15	22264	150
223000	223	669	3544	9239	67	33	21991	123
224000	291	709	3701	8941	33	55	20812	189
225000	174	672	3501	9317	46	25	21846	138
226000	251	597	3685	9150	39	33	21431	100
227000	249	585	3797	9026	38	37	21248	85
228000	228	669	3857	8860	20	18	21265	182
229000	288	642	3751	9043	9	18	21228	53
230000	239	701	3639	9142	0	23	20709	13
231000	266	708	3597	9191	20	3	20499	64
232000	277	748	3526	9139	76	6	21020	186
233000	239	575	3584	9265	36	5	22746	36
234000	232	637	3376	9522	0	0	21471	2
235000	254	687	3557	9208	36	16	21160	62
236000	282	676	3643	9093	20	16	20628	20
237000	275	716	3484	9194	85	0	22031	42
238000	233	719	3518	9206	68	13	20598	103
239000	242	723	3758	8917	40	27	21709	107
240000	285	731	3746	8828	95	73	20499	333
241000	264	615	3454	9044	235	153	21037	664
242000	230	622	3626	8866	276	110	19927	467
243000	306	647	3760	8625	280	71	20935	532
244000	236	649	3631	8785	323	148	20857	816
245000	302	666	3636	8497	457	184	20177	1060
246000	280	552	3622	8613	443	224	21516	949
247000	253	609	3607	8608	478	226	20373	1326
248000	289	588	3460	8491	567	303	19572	1650
249000	282	600	3588	8094	657	492	19409	1991
