0	0	0	0	14400	0	0	0	0
1000	4	498	80	13489	91	33	39037	439
2000	1	496	74	13444	85	108	39709	487
3000	6	516	93	13362	126	82	38986	464
4000	1	549	65	13448	81	55	38517	445
5000	3	545	82	13446	65	54	38176	446
6000	4	509	79	13405	105	84	39487	690
7000	5	551	102	13311	115	130	39593	576
8000	4	496	75	13369	116	135	38576	552
9000	6	574	81	13309	113	113	38335	366
10000	1	479	74	13362	116	172	38808	578
11000	8	522	101	13228	151	175	38915	939
12000	4	482	87	13394	106	144	39358	655
13000	4	509	72	13395	111	118	38696	572
14000	3	507	94	13420	98	88	39613	539
15000	4	479	99	13383	133	95	38920	533
16000	4	477	107	13335	115	131	39640	565
17000	8	543	89	13284	93	157	38410	949
18000	3	501	93	13347	93	105	38613	569
19000	6	538	88	13341	131	101	38280	431
20000	8	490	92	13392	117	100	38728	656
21000	5	537	88	13371	109	91	38615	454
22000	8	496	97	13264	193	142	39763	893
23000	5	530	91	13245	173	139	37798	851
24000	4	506	90	13169	216	199	38335	1112
25000	4	493	79	13198	179	246	37702	1376
26000	4	487	92	13284	181	162	38854	1041
27000	7	476	91	13186	231	181	37838	1313
28000	3	474	69	13241	205	227	38825	1418
29000	2	499	67	13087	296	254	38606	1499
30000	4	544	81	12854	390	334	36431	1587
31000	4	486	86	12952	296	356	38081	1796
32000	7	490	82	12834	381	405	37966	2492
33000	5	507	90	12883	394	305	37125	2100
34000	4	520	77	12954	384	250	38100	1585
35000	5	517	77	12939	395	275	37735	2011
36000	7	494	96	12960	283	346	37685	1886
37000	8	521	75	12960	318	308	36848	1807
38000	3	484	81	12983	302	345	39162	1692
39000	8	541	60	12914	333	360	37643	1672
40000	7	454	82	12887	372	395	38162	2172
41000	7	453	90	12749	384	507	36163	2982
42000	3	497	83	12659	392	566	36552	2438
43000	2	514	83	12685	502	400	36499	2663
44000	8	497	76	12756	431	433	35918	2661
45000	6	475	85	12791	393	436	37171	2560
46000	10	501	89	12791	414	385	37136	2237
47000	6	501	87	12752	496	349	36920	2478
48000	5	496	96	12763	421	364	36657	2245
49000	3	526	90	12730	413	426	36778	2560
50000	6	485	94	12728	433	441	36571	2429
51000	6	493	91	12747	462	389	36639	2874
52000	6	517	80	12735	468	391	36787	2788
53000	2	525	84	12767	414	405	38277	2390
54000	8	539	80	12830	283	483	37004	1845
55000	4	561	74	12863	330	365	36731	1648
56000	4	522	80	12892	401	318	38069	1801
57000	2	515	94	12932	317	316	37842	2066
58000	3	457	88	13038	285	341	36608	1593
59000	4	517	90	13145	238	214	37292	1324
60000	2	523	91	13216	184	165	38468	1164
61000	5	504	87	13269	171	162	38289	1043
62000	2	539	91	13250	126	164	39458	905
63000	4	487	88	13310	143	155	38588	879
64000	4	484	81	13252	214	183	38273	939
65000	3	539	72	13345	109	150	37441	832
66000	7	514	88	13355	108	112	37886	797
67000	3	523	76	13390	60	155	37897	744
68000	5	553	87	13305	117	120	39694	528
69000	5	529	96	13393	83	94	39230	524
70000	5	468	105	13492	68	77	38367	387
71000	0	517	100	13469	67	70	37822	342
72000	1	518	84	13507	34	61	39480	276
73000	7	470	87	13531	46	56	40009	244
74000	5	507	75	13528	40	50	39769	348
75000	4	527	86	13384	91	95	38253	284
76000	4	506	81	13459	107	47	41328	399
77000	5	521	84	13437	95	47	38746	403
78000	8	510	96	13427	101	38	39149	484
79000	2	463	76	13502	108	25	38644	390
80000	4	532	87	13399	132	50	37990	299
81000	2	542	97	13401	80	72	39317	729
82000	2	529	83	13425	66	95	38329	581
83000	4	434	80	13535	73	45	40132	332
84000	2	511	91	13520	36	34	39490	221
85000	1	485	90	13508	37	77	38238	368
86000	4	482	85	13455	99	60	39095	633
87000	7	488	88	13530	49	42	38664	389
88000	9	545	68	13470	64	36	39148	260
89000	3	497	106	13490	45	49	39383	302
90000	1	489	100	13482	77	26	39563	253
91000	4	486	71	13508	56	79	38850	397
92000	5	539	97	13446	29	81	38866	291
93000	2	476	77	13465	71	103	38711	356
94000	7	506	87	13389	91	106	38135	612
95000	1	540	90	13360	78	138	38322	584
96000	3	465	103	13455	55	118	39728	524
97000	3	506	89	13473	58	61	39652	406
98000	4	558	74	13440	27	97	38679	445
99000	8	497	87	13509	16	88	39892	308
100000	5	538	77	13473	34	81	39286	256
101000	4	472	79	13499	70	89	39737	387
102000	1	506	87	13473	50	50	39554	223
103000	3	477	96	13562	24	42	39028	145
104000	3	485	83	13551	31	52	40727	147
105000	4	499	100	13557	23	32	39988	199
106000	6	470	86	13606	10	25	39602	70
107000	6	503	82	13545	11	29	38616	53
108000	2	516	91	13556	10	29	38178	180
109000	3	483	100	13550	25	27	40251	119
110000	2	557	85	13521	3	17	38934	39
111000	4	552	81	13543	1	7	39377	3
112000	6	580	84	13405	118	6	38192	276
113000	6	555	102	13363	91	66	38335	375
114000	4	511	79	13445	84	81	38051	456
115000	3	499	85	13523	48	67	39818	307
116000	5	528	84	13532	24	40	39758	181
117000	3	540	82	13464	65	33	38862	234
118000	4	478	79	13556	38	38	39893	259
119000	4	512	75	13534	26	50	39498	230
120000	3	472	81	13563	19	64	39195	286
121000	3	480	88	13568	17	32	39386	173
122000	4	542	89	13482	19	33	38451	161
123000	1	540	101	13533	1	10	41535	7
124000	10	489	94	13611	0	2	38598	13
125000	5	521	98	13442	135	6	39023	290
126000	2	523	78	13456	100	42	39560	431
127000	6	531	87	13400	97	73	38608	490
128000	4	530	74	13463	88	49	39058	445
129000	4	482	100	13456	96	59	39013	235
130000	5	518	87	13436	79	84	38861	513
131000	3	523	95	13471	45	87	38894	481
132000	1	528	84	13493	47	50	40358	327
133000	5	513	84	13531	27	24	39016	285
134000	1	493	88	13569	6	28	38530	204
135000	2	502	70	13574	33	23	39616	81
136000	1	527	104	13519	30	29	39044	236
137000	4	564	97	13485	21	38	38351	205
138000	4	566	100	13491	7	28	38045	97
139000	3	518	77	13565	8	17	39880	56
140000	2	521	64	13572	16	16	39565	145
141000	6	537	101	13510	30	26	38969	151
142000	3	521	76	13579	10	8	40215	11
143000	4	509	100	13536	12	19	40985	84
144000	3	521	99	13546	15	26	38871	72
145000	4	500	101	13579	12	4	40688	40
146000	2	500	83	13613	2	1	39152	27
147000	6	550	80	13567	0	0	39486	15
148000	0	521	87	13481	101	15	39483	339
149000	2	543	92	13480	50	33	37686	317
150000	3	520	80	13498	44	31	40833	237
151000	3	541	97	13492	42	19	39025	190
152000	2	494	96	13497	58	50	39055	232
153000	3	495	84	13519	40	51	38890	277
154000	2	471	96	13551	33	53	38918	269
155000	5	500	68	13582	37	25	40140	251
156000	4	527	84	13478	71	13	38668	338
157000	4	537	71	13583	18	9	39868	53
158000	4	501	76	13592	12	6	39454	9
159000	3	513	87	13585	8	4	39553	68
160000	1	513	77	13610	2	7	39643	32
161000	4	496	92	13604	4	0	39856	12
162000	6	450	94	13519	104	10	40084	284
163000	3	503	81	13463	102	48	39917	506
164000	4	494	114	13445	93	57	37960	353
165000	1	508	83	13464	93	44	40282	369
166000	6	475	74	13487	81	63	39587	544
167000	2	539	85	13433	90	69	38344	490
168000	4	504	106	13351	75	144	37947	563
169000	4	499	88	13349	96	158	39037	574
170000	3	513	86	13393	113	104	39674	574
171000	3	533	93	13369	94	93	38671	745
172000	3	476	106	13488	49	72	38654	455
173000	4	484	84	13509	43	69	39358	270
174000	5	497	101	13425	65	99	38091	367
175000	2	470	89	13423	132	96	38847	613
176000	8	477	82	13450	84	81	38698	602
177000	2	543	106	13424	46	66	38678	535
178000	2	462	66	13611	18	49	40234	214
179000	2	503	81	13502	71	55	39827	334
180000	4	546	79	13353	99	114	37981	512
181000	4	497	89	13499	75	50	39120	408
182000	8	548	86	13523	16	51	39356	217
183000	0	542	94	13486	26	35	39522	254
184000	6	497	76	13511	68	43	40550	282
185000	6	546	75	13465	51	64	38699	294
186000	7	498	72	13496	55	63	39232	340
187000	7	500	101	13519	12	38	38395	138
188000	5	521	99	13527	5	28	38895	168
189000	0	524	91	13538	10	55	39317	242
190000	0	496	81	13505	49	87	37789	350
191000	6	491	78	13488	60	81	39674	160
192000	3	479	95	13555	47	44	39444	334
193000	5	481	90	13497	56	70	40286	456
194000	2	451	99	13483	66	82	40088	454
195000	2	501	72	13419	79	140	39187	494
196000	2	482	121	13395	115	95	38101	433
197000	3	512	69	13422	107	107	37976	562
198000	5	513	77	13353	108	152	38256	627
199000	2	504	78	13478	60	84	38198	430
200000	7	520	93	13410	78	58	38612	196
201000	3	509	84	13456	95	43	38246	287
202000	1	493	99	13420	69	99	37828	514
203000	4	507	95	13407	57	92	39064	395
204000	1	491	80	13500	53	75	38809	324
205000	3	530	85	13534	18	53	38339	259
206000	2	515	75	13547	22	31	39975	147
207000	4	525	84	13557	8	25	38440	110
208000	2	502	86	13592	3	3	40224	55
209000	4	523	84	13599	1	0	40661	10
210000	1	490	98	13531	61	14	39063	311
211000	3	529	95	13467	55	40	37791	168
212000	6	521	76	13491	45	66	39139	369
213000	3	494	94	13525	53	39	39511	341
214000	5	543	83	13485	41	32	39302	342
215000	0	479	93	13613	12	15	39667	110
216000	3	513	98	13516	45	19	39535	153
217000	3	541	95	13511	46	11	39563	190
218000	1	505	101	13461	35	68	40709	339
219000	7	556	79	13497	34	40	38205	183
220000	4	569	79	13472	34	66	39506	205
221000	3	512	88	13539	56	28	38856	156
222000	3	468	87	13564	43	48	40201	193
223000	0	513	93	13563	9	41	39317	123
224000	5	571	92	13425	17	90	38833	202
225000	6	493	97	13510	35	47	41092	323
226000	3	520	88	13502	35	56	40345	181
227000	7	516	106	13430	61	43	39398	291
228000	6	500	96	13433	56	82	39409	358
229000	2	500	80	13437	72	108	38142	660
230000	8	527	77	13398	71	97	38259	630
231000	3	511	93	13473	74	73	39249	588
232000	8	525	95	13436	56	60	37929	264
233000	6	476	82	13457	80	60	38799	426
234000	6	486	91	13409	111	88	37902	740
235000	5	509	85	13401	74	109	39304	476
236000	1	523	80	13455	97	56	38495	515
237000	5	557	81	13383	104	92	37838	576
238000	2	512	85	13422	97	70	39481	566
239000	3	479	89	13373	131	82	39603	403
240000	3	502	67	13362	171	109	38375	910
241000	8	535	91	13272	150	135	39340	927
242000	4	518	82	13243	148	205	38516	791
243000	5	505	81	13213	219	177	38714	1030
244000	5	508	97	13138	260	191	38663	1294
245000	5	508	88	13099	244	231	38483	1101
246000	4	461	78	13339	192	114	38960	882
247000	5	490	96	13363	140	108	38129	655
248000	5	540	82	13210	189	166	37848	931
249000	2	471	88	13236	152	223	39269	968
250000	4	510	87	13238	182	177	39565	728
251000	6	470	95	13191	214	224	39372	1084
252000	1	475	80	13226	206	219	40862	1359
253000	3	509	85	13131	227	259	36960	922
254000	6	518	82	13143	239	203	39007	986
255000	2	502	87	13293	184	143	38752	1036
256000	2	436	93	13309	208	167	39611	864
257000	5	511	101	13044	293	241	38213	1613
258000	4	502	85	13035	299	261	37660	1489
259000	3	568	92	12975	326	228	38307	1550
260000	3	461	86	13059	301	294	37427	1832
261000	3	504	95	13137	213	235	37594	1339
262000	3	512	97	13036	268	286	37888	1350
263000	8	484	82	13133	202	275	37991	1304
264000	3	525	94	13049	267	253	38770	1826
265000	6	437	98	13130	294	239	37982	1267
266000	4	531	87	13179	218	207	39328	1168
267000	5	520	90	13144	257	183	38177	1324
268000	8	546	85	13155	204	186	37989	1481
269000	3	543	72	13089	178	308	36440	1175
270000	5	552	93	12972	300	282	36700	1433
271000	4	502	74	12985	340	303	36807	2209
272000	4	505	79	12862	428	332	38442	2046
273000	6	522	76	12789	449	364	37244	1950
274000	5	482	78	12848	454	344	36944	2028
275000	6	467	86	12916	400	299	37259	2075
276000	5	461	84	12762	497	388	36060	2514
277000	5	483	90	12810	377	431	37271	2513
278000	5	498	81	12844	339	440	37481	2038
279000	7	535	105	12585	430	541	36868	3103
280000	3	465	92	12715	483	385	37588	2482
281000	9	542	82	12724	447	394	36783	2137
282000	8	555	107	12621	372	527	35882	2206
283000	7	508	82	12707	433	471	36489	2855
284000	3	517	97	12710	421	425	35872	2297
285000	3	532	70	12865	361	366	39410	2428
286000	5	487	102	13049	243	313	37252	1446
287000	6	570	88	13046	216	292	36255	1581
288000	4	519	85	13083	233	259	37063	1393
289000	2	487	84	13176	255	196	38007	1156
290000	5	500	91	13043	316	258	38005	1385
291000	8	489	74	13092	320	199	38126	1674
292000	5	546	81	12982	351	227	38236	1529
293000	2	511	83	12970	351	282	38453	1535
294000	8	473	75	13011	361	271	40087	1851
295000	5	484	80	12803	478	352	37316	2275
296000	4	522	85	12878	342	349	38113	2217
297000	3	485	82	12907	365	360	38661	2004
298000	7	492	88	12937	340	357	38035	1975
299000	2	466	92	13200	193	230	38692	1786
300000	3	478	77	13267	171	219	37917	1257
301000	4	542	72	13304	121	148	37967	835
302000	3	532	94	13247	137	158	40325	1022
303000	5	456	79	13326	199	140	39100	988
304000	4	497	96	13285	167	159	38320	781
305000	4	475	72	13367	163	120	38542	911
306000	4	465	79	13323	197	144	38606	1098
307000	4	517	74	13267	183	162	37445	1111
308000	4	524	94	13281	153	143	38595	888
309000	5	523	95	13278	134	132	38199	770
310000	2	567	81	13253	131	158	38280	951
311000	4	561	88	13297	115	138	37812	762
312000	4	519	72	13403	100	124	39053	766
313000	5	512	88	13346	134	116	38308	642
314000	5	542	85	13214	233	123	40256	611
315000	5	551	84	13262	138	147	37617	732
316000	8	501	85	13237	150	196	38656	818
317000	5	495	94	13292	158	161	38918	989
318000	1	527	79	13426	69	111	38210	677
319000	8	488	75	13486	67	75	39034	357
320000	2	535	95	13441	49	71	39514	368
321000	2	487	90	13479	89	61	38992	394
322000	4	552	89	13338	48	123	38965	547
323000	3	519	76	13391	102	102	39271	351
324000	6	488	104	13308	154	128	39170	823
325000	3	496	92	13358	135	129	39161	754
326000	6	483	96	13264	195	123	38272	704
327000	7	460	85	13302	209	148	37881	1011
328000	1	507	84	13277	172	140	39039	988
329000	6	510	71	13264	198	155	38980	821
330000	3	529	87	13324	115	154	38279	861
331000	3	535	96	13423	63	89	36518	429
332000	1	511	90	13464	59	101	39683	483
333000	6	551	92	13328	111	88	38584	526
334000	3	506	89	13493	40	61	38784	324
335000	1	537	76	13478	66	56	39220	244
336000	6	511	83	13426	95	74	38612	453
337000	4	534	79	13442	71	77	38452	411
338000	4	517	89	13443	56	71	39691	324
339000	4	479	74	13512	47	72	38834	266
340000	1	504	79	13563	23	43	39254	248
341000	4	462	101	13524	64	34	39641	248
342000	3	488	107	13475	58	63	38942	315
343000	5	516	70	13501	57	58	38742	254
344000	5	537	90	13429	96	44	39390	293
345000	5	454	89	13462	81	93	40528	608
346000	3	504	85	13500	50	78	39464	452
347000	4	537	87	13433	72	56	38000	260
348000	7	537	84	13499	40	39	39203	352
349000	5	518	87	13525	49	26	39806	126
350000	3	476	82	13564	22	49	39728	199
351000	2	495	66	13501	66	63	39660	243
352000	5	506	72	13554	28	41	39121	156
353000	5	515	97	13462	48	43	38819	197
354000	4	517	86	13504	44	49	39304	245
355000	4	583	89	13384	45	67	39479	201
356000	6	470	94	13537	39	60	38084	228
357000	3	489	99	13514	53	31	40137	357
358000	7	461	112	13500	41	55	40393	393
359000	1	491	79	13531	56	48	40517	299
360000	4	555	100	13481	48	11	39049	246
361000	6	520	67	13552	30	20	39397	154
362000	2	470	94	13579	6	29	38933	161
363000	4	490	75	13611	6	15	39835	76
364000	4	492	81	13619	1	0	39722	31
365000	3	477	94	13497	119	7	38677	197
366000	2	492	91	13464	89	60	39743	353
367000	3	498	78	13475	95	32	41002	375
368000	5	504	88	13444	74	84	39326	665
369000	2	532	80	13340	139	99	40341	430
370000	3	520	88	13355	92	148	40850	734
371000	4	469	79	13273	165	190	37974	740
372000	5	508	67	13161	209	262	38866	1385
373000	2	427	85	13210	206	255	38490	1266
374000	6	459	81	13197	229	233	37992	1616
375000	3	511	83	13244	182	157	37439	1214
376000	4	491	87	13387	140	90	39595	777
377000	1	525	101	13268	145	131	39151	717
378000	5	513	83	13277	138	165	37992	983
379000	5	511	90	13189	172	240	40112	1108
380000	4	495	88	13091	208	307	37963	1269
381000	4	520	98	13188	155	235	37485	1016
382000	5	467	60	13248	213	210	39447	1290
383000	1	564	73	13281	122	175	39245	994
384000	3	514	79	13295	131	187	37288	908
385000	3	542	91	13204	175	152	37239	809
386000	3	482	84	13298	184	141	38785	950
387000	1	535	100	13278	126	163	38212	790
388000	4	537	106	13289	136	129	38570	899
389000	6	535	76	13380	101	91	38161	481
390000	5	498	89	13494	56	59	38044	396
391000	3	503	86	13524	44	74	39555	349
392000	5	486	87	13494	58	57	39322	459
393000	3	566	67	13459	41	60	37654	415
394000	1	510	89	13483	41	63	38721	352
395000	3	530	98	13422	65	94	39067	315
396000	4	479	92	13472	44	99	40166	350
397000	3	484	86	13492	35	89	39459	342
398000	0	540	83	13501	47	40	38600	203
399000	3	526	85	13444	85	56	39022	228
400000	3	476	99	13442	70	103	38822	520
401000	1	492	103	13403	104	99	39153	577
402000	1	484	85	13503	47	92	38832	407
403000	1	494	77	13459	55	99	38562	472
404000	2	520	82	13468	79	63	37734	447
405000	2	500	96	13511	37	40	39821	282
406000	1	531	98	13557	9	25	37768	73
407000	6	530	94	13509	10	28	38706	64
408000	4	525	82	13534	7	28	38764	80
409000	2	486	115	13551	9	14	40127	40
410000	10	521	76	13530	25	17	38771	134
411000	3	566	85	13471	47	25	39520	106
412000	4	519	85	13474	49	74	36867	214
413000	10	511	71	13506	59	63	39578	432
414000	10	515	84	13338	136	102	40042	650
415000	2	522	97	13258	153	164	37014	679
416000	5	523	79	13207	229	181	39851	1067
417000	2	499	82	13161	204	242	40099	1160
418000	4	485	79	13110	283	240	38592	1607
419000	5	547	97	13115	244	205	38051	1761
420000	7	533	99	13057	256	242	37911	1024
421000	5	411	75	13256	219	203	40084	1179
422000	5	502	82	13131	268	199	37516	1238
423000	5	511	107	13111	252	227	37087	1079
424000	6	494	92	13158	242	198	39853	1703
425000	4	526	73	13009	338	244	37300	1273
426000	5	526	84	12873	407	297	38148	1784
427000	5	470	90	12937	356	342	39157	2032
428000	5	446	83	13001	348	304	38647	2319
429000	4	472	73	12993	333	335	36687	1645
430000	4	507	84	13032	299	273	38231	1563
431000	6	517	72	13070	294	235	38263	1513
432000	5	486	101	13074	232	294	38475	1376
433000	7	517	85	12986	284	330	37563	1490
434000	8	491	91	12977	328	308	37360	1803
435000	3	490	81	12982	309	336	37520	2081
436000	3	461	99	13101	262	281	37060	1525
437000	6	422	85	13091	303	270	38660	1692
438000	3	471	80	13078	355	231	37882	1823
439000	9	479	90	12966	370	272	38234	1507
440000	7	512	101	12751	432	390	37399	2094
441000	11	575	93	12743	424	367	35956	2006
442000	4	474	82	12612	546	469	36229	2586
443000	4	493	77	12856	381	397	38026	2139
444000	7	456	90	12788	445	394	38691	2031
445000	6	562	83	12595	440	485	37626	2914
446000	6	520	94	12530	499	561	35638	3324
447000	4	506	88	12475	459	659	35721	3146
448000	7	459	84	12589	562	489	36892	3422
449000	9	475	82	12505	679	466	37439	3247
450000	8	494	86	12422	648	565	36338	3226
451000	4	491	97	12376	641	578	36292	3020
452000	7	537	77	12377	645	563	36756	3597
453000	9	538	95	12578	494	477	35541	3028
454000	3	540	87	12603	571	391	36529	2953
455000	6	486	70	12557	531	552	36972	3126
456000	1	485	92	12522	466	650	35525	3147
457000	4	528	80	12508	506	578	35835	2872
458000	2	512	76	12602	491	538	36738	2564
459000	7	486	83	12603	542	489	35507	2550
460000	5	544	96	12647	461	441	37163	2840
461000	5	448	90	12750	470	420	37969	2156
462000	1	515	81	12774	481	337	36380	2347
463000	7	475	68	12799	386	448	37276	2425
464000	5	539	69	12754	410	439	36974	2631
465000	8	510	80	12637	535	422	36665	2349
466000	7	492	99	12590	512	479	37243	2851
467000	8	476	96	12679	483	422	36534	2955
468000	13	514	83	12605	533	474	37174	2706
469000	8	463	79	12671	528	448	37184	2934
470000	7	455	91	12702	579	372	36307	3068
471000	4	545	87	12651	435	488	35696	2668
472000	5	534	82	12748	389	429	37258	2231
473000	4	497	83	12899	349	365	37611	2066
474000	10	480	91	12952	328	332	37049	1856
475000	5	479	74	12842	386	397	37991	2047
476000	4	484	76	12732	434	461	38218	2343
477000	5	452	91	12691	454	477	36636	2579
478000	9	554	85	12552	518	467	36713	2831
479000	6	525	77	12725	406	480	35996	2453
480000	3	525	76	12949	314	334	35228	2192
481000	1	455	82	12907	356	408	37556	2008
482000	3	432	92	12778	471	424	37164	2189
483000	8	500	91	12870	395	324	36416	2176
484000	7	501	76	12942	321	344	38919	2109
485000	3	580	105	12871	282	368	36960	2076
486000	2	445	83	12902	459	316	37274	2050
487000	5	488	65	12906	374	367	36512	2288
488000	6	483	101	12787	459	375	36749	2214
489000	7	504	89	12670	491	436	36036	2486
490000	6	479	87	12647	496	471	37430	3275
491000	4	483	78	12653	519	474	36688	2575
492000	4	520	102	12848	348	378	37468	2382
493000	12	460	72	12804	424	423	36938	2264
494000	6	448	89	12878	428	358	37484	2606
495000	5	473	87	12912	357	342	38119	2175
496000	6	501	97	13028	271	309	37054	1895
497000	3	534	85	13110	226	234	37022	1441
498000	5	460	88	13301	115	223	38394	971
499000	4	557	98	13213	114	208	38091	943
