0	0	0	0	14400	0	0	0	0
1000	179	286	3440	8169	38	0	35621	161
2000	217	278	4124	6826	117	12	31941	150
3000	301	279	5368	4294	33	0	29043	125
4000	329	151	5872	3366	0	0	27443	7
5000	380	242	5751	3373	0	0	25846	16
6000	405	191	5512	3585	105	0	27695	400
7000	466	162	5532	3379	263	17	24551	624
8000	428	349	4841	4834	58	27	27335	476
9000	306	189	5805	3300	26	0	24873	59
10000	356	199	5609	3634	0	0	26189	1
11000	349	218	5255	4486	0	0	28836	1
12000	184	243	5449	4639	0	0	26837	58
13000	390	75	6238	1869	0	0	23876	76
14000	234	186	6229	2364	0	0	25777	30
15000	338	60	6423	1927	130	0	22984	158
16000	555	76	6251	1326	0	0	21440	26
17000	600	97	6277	725	2	0	20864	0
18000	389	127	6412	1828	0	0	23696	1
19000	514	62	6433	918	0	0	22519	12
20000	389	119	6439	1714	0	0	23675	14
21000	367	145	6213	1966	0	0	23777	2
22000	422	190	6142	2052	3	0	23675	114
23000	532	101	6329	955	0	0	21542	8
24000	427	20	6573	794	0	0	20819	1
25000	395	93	6663	631	25	0	21007	0
26000	655	21	6430	622	0	0	20645	2
27000	574	44	6452	804	13	0	20175	0
28000	426	104	6245	1883	0	0	23943	3
29000	517	79	6178	1604	3	0	21692	33
30000	211	154	6176	2744	5	0	24829	0
31000	463	213	5565	3524	87	7	25566	288
32000	245	268	4742	5805	0	0	29073	26
33000	288	355	4400	6194	0	0	29816	1
34000	392	250	4965	4967	0	0	29375	24
35000	230	242	5715	3831	0	0	27800	3
36000	398	228	5581	3632	12	0	26171	84
37000	249	303	5278	4641	0	0	28872	1
38000	283	281	5374	4360	46	0	27805	212
39000	251	280	4953	5172	72	5	29383	416
40000	280	110	6387	2102	34	6	25770	204
41000	428	74	6077	2520	0	0	23449	46
42000	341	158	6107	2515	113	0	24925	133
43000	512	82	6108	2088	0	0	24198	13
44000	413	174	6005	2534	0	0	25944	7
45000	341	87	6194	2458	238	0	25036	680
46000	312	44	6208	1902	510	92	22647	1810
47000	492	98	6055	1771	506	10	22788	2237
48000	341	66	5866	1900	1343	185	22985	5451
49000	475	188	5675	1394	1907	282	19795	6798
50000	345	83	5973	1123	1557	146	20616	5271
51000	416	25	6134	911	1626	34	19941	5148
52000	410	3	6469	102	1541	0	19375	5259
53000	605	0	6199	0	1901	0	17751	5590
54000	423	0	5630	0	3628	0	17051	9066
55000	703	0	4681	0	5234	0	13274	16627
56000	570	0	5229	0	4273	0	14123	14116
57000	606	0	5110	0	4269	0	15557	12317
58000	477	0	5310	0	4442	0	14716	13069
59000	358	0	6178	0	2418	0	17431	7999
60000	610	0	5979	0	2228	0	16890	6808
61000	381	0	6463	0	1945	0	18620	5715
62000	533	0	5919	0	2697	0	17952	6885
63000	508	0	5600	0	3560	0	16438	9250
64000	650	0	4770	0	5010	0	13699	14004
65000	576	0	4601	0	5612	0	13196	14718
66000	607	0	5598	0	3582	0	15353	11409
67000	503	0	5620	0	3633	0	16170	9886
68000	452	0	6240	0	2298	0	17061	6541
69000	524	0	6208	0	2486	0	16552	5805
70000	474	0	6024	0	2661	0	16198	7791
71000	405	0	5905	0	3079	0	17096	7846
72000	572	0	6122	0	1942	0	17442	6925
73000	444	0	6046	0	2349	0	17878	7508
74000	628	0	5715	0	2961	0	17687	8762
75000	553	0	6024	0	2263	0	16992	6527
76000	524	0	5150	0	4601	0	15635	10988
77000	587	0	5267	0	4100	0	14744	12109
78000	482	0	5632	0	3581	0	15434	11384
79000	483	0	5580	0	3762	0	15949	10307
80000	501	0	5200	0	4498	0	15624	12658
81000	523	0	5821	0	3210	0	17150	8918
82000	556	0	5529	0	3842	0	14873	11844
83000	449	0	6125	0	2519	0	17742	7442
84000	497	0	6195	0	2129	0	18153	6003
85000	449	0	5899	0	3083	0	16158	10187
86000	754	0	5973	0	2017	0	18273	6224
87000	415	0	5977	0	2943	0	16675	8406
88000	570	0	5503	0	3568	0	15911	8946
89000	470	0	5525	0	3912	0	16005	10499
90000	416	0	5456	0	4052	0	15983	11389
91000	756	0	4840	0	4719	0	14691	12492
92000	547	0	5370	0	4295	0	14660	14408
93000	452	0	5483	0	4178	0	14801	12433
94000	614	0	5301	0	4133	0	14323	11527
95000	533	0	5774	0	2974	0	16706	7051
96000	511	0	5766	0	3168	0	17380	8283
97000	510	0	6265	0	2063	0	17523	6551
98000	449	0	6295	0	1584	0	18390	4267
99000	468	0	5862	0	3114	0	17276	7890
100000	578	0	5838	0	2922	0	18353	7392
101000	437	0	5915	0	2841	0	16072	7547
102000	468	0	6079	0	2708	0	16964	9017
103000	483	0	5792	0	3035	0	16477	9580
104000	443	0	5925	0	2890	0	16045	8878
105000	613	0	5571	0	3689	0	16346	9962
106000	496	0	5387	0	4131	0	15736	11555
107000	519	0	5324	0	4274	0	15811	12172
108000	319	0	6390	0	1934	0	16635	6332
109000	472	0	6327	0	1692	0	17778	5566
110000	477	0	5845	0	3263	0	15561	9480
111000	527	0	5909	0	2769	0	16295	8220
112000	712	0	5919	0	2378	0	16819	6839
113000	437	0	5531	0	3952	0	16932	9746
114000	573	0	5295	0	4213	0	14661	13614
115000	607	0	4684	0	5298	0	12667	14983
116000	556	0	5275	0	4283	0	13988	13603
117000	503	0	5082	0	4720	0	15272	12880
118000	390	0	5354	0	4477	0	14103	14778
119000	476	0	4564	0	5731	0	13400	16429
120000	422	0	4831	0	5304	0	13496	16996
121000	632	0	5029	0	4461	0	14806	12051
122000	639	0	4705	0	5279	0	14107	14070
123000	642	0	5662	0	3075	0	15252	9822
124000	496	0	4989	0	4936	0	14879	13385
125000	550	0	4377	0	6138	0	13693	17421
126000	510	0	5044	0	4855	0	14363	13819
127000	401	0	6353	0	1807	0	18479	7874
128000	481	0	6014	0	2366	0	18199	5309
129000	736	0	6035	0	1946	0	17604	6249
130000	500	0	6035	0	2425	0	18005	6931
131000	478	0	6382	0	1704	0	17899	4395
132000	722	0	6221	0	960	0	18469	3543
133000	579	0	6285	0	1408	0	18759	4575
134000	671	0	6123	0	1971	0	18043	4098
135000	702	0	5562	0	3362	0	15593	9129
136000	380	0	5929	0	2850	0	17417	7440
137000	737	0	5599	0	2952	0	16859	7844
138000	567	0	5349	0	4034	0	14647	12425
139000	385	0	5371	0	4301	0	14665	11324
140000	514	0	5593	0	3548	0	17446	8514
141000	450	0	4952	0	5004	0	15022	14766
142000	1032	0	5369	0	2775	0	16029	7954
143000	557	0	5485	0	3891	0	17126	10689
144000	515	0	5501	0	3831	0	16313	11432
145000	526	0	4905	0	5098	0	14238	13785
146000	498	0	5161	0	4533	0	14672	13356
147000	541	0	6030	0	2479	0	16608	9210
148000	511	0	5467	0	4126	0	16265	10695
149000	538	0	5816	0	2892	0	16476	10340
150000	599	0	5711	0	3038	0	16407	7731
151000	326	0	5857	0	3109	0	16879	8500
152000	613	0	6367	0	1154	0	17302	4881
153000	473	0	6208	0	2105	0	18581	5535
154000	466	0	6392	0	1407	0	19198	4083
155000	562	0	5770	0	3099	0	16874	7266
156000	391	0	5756	0	3433	0	15592	11079
157000	457	0	5433	0	3846	0	16255	11439
158000	706	0	5390	0	3571	0	15240	10468
159000	595	0	5051	0	4808	0	14070	14808
160000	317	0	5950	0	3282	0	16618	10017
161000	479	0	5777	0	3350	0	15428	9109
162000	474	0	5888	0	2823	0	17538	8547
163000	450	0	6081	0	2850	0	17133	9380
164000	505	0	6072	0	2280	0	17070	7001
165000	645	0	6042	0	2367	0	17758	5933
166000	460	0	5939	0	2824	0	17377	7907
167000	435	0	5365	0	4410	0	16516	12687
168000	567	0	5601	0	3623	0	16188	11398
169000	366	0	5268	0	4543	0	16266	12216
170000	370	0	5689	0	3580	0	16341	10305
171000	426	0	5463	0	4279	0	15562	11485
172000	444	0	5537	0	3860	0	15481	11895
173000	545	0	5713	0	3307	0	16671	8591
174000	587	0	5490	0	3658	0	16131	9994
175000	474	0	5618	0	3569	0	15719	9952
176000	425	0	5575	0	3957	0	15939	11209
177000	470	0	5699	0	3514	0	17348	10847
178000	477	0	5722	0	3411	0	16476	9718
179000	513	0	5526	0	3589	0	16106	9580
180000	579	0	5927	0	2644	0	17533	8331
181000	502	0	6295	0	1719	0	18621	4730
182000	410	0	6229	0	2181	0	18538	6145
183000	717	0	6144	0	1792	0	17511	4636
184000	663	0	5639	0	3258	0	15708	9956
185000	267	0	6405	0	2134	0	18055	7369
186000	540	0	5986	0	2237	0	17258	5913
187000	696	0	5795	0	2876	0	17295	8056
188000	477	0	5460	0	3714	0	15726	9630
189000	576	0	5327	0	4070	0	15194	12055
190000	459	0	5430	0	4070	0	15927	11656
191000	620	0	4954	0	4718	0	14123	14660
192000	816	0	5065	0	4037	0	15447	11016
193000	574	0	5358	0	4228	0	16216	10167
194000	692	0	5176	0	3952	0	15829	10481
195000	452	0	5592	0	4020	0	15567	12413
196000	461	0	5437	0	3929	0	16867	9634
197000	545	0	5544	0	3834	0	16055	9990
198000	530	0	5817	0	3121	0	16758	9488
199000	492	0	5494	0	3952	0	15954	12177
200000	431	0	5948	0	2704	0	17811	7168
201000	591	0	6149	0	1735	0	17894	5932
202000	698	0	5990	0	2147	0	17865	5516
203000	643	0	5854	0	2740	0	17046	7629
204000	422	0	5677	0	3497	0	15426	9679
205000	568	0	5620	0	3280	0	16586	10055
206000	550	0	5792	0	3247	0	16643	9937
207000	280	0	5699	0	3822	0	16020	10768
208000	454	0	5396	0	4130	0	16281	11724
209000	529	0	5577	0	3520	0	17283	10592
210000	523	0	5952	0	2630	0	18393	7869
211000	514	0	6171	0	1862	0	18426	6225
212000	386	0	6259	0	2111	0	17897	6276
213000	506	0	6012	0	2616	0	17132	6522
214000	457	0	5557	0	3922	0	14858	11001
215000	487	0	5210	0	4532	0	15803	11761
216000	591	0	6088	0	2243	0	17038	7271
217000	412	0	6295	0	2512	0	17689	8597
218000	383	0	5898	0	3132	0	16126	8556
219000	445	0	4653	0	5838	0	12883	16480
220000	516	0	4658	0	5605	0	13610	15715
221000	450	0	5367	0	4074	0	16089	12952
222000	634	0	5028	0	4722	0	14015	14564
223000	538	0	5260	0	4343	0	15940	12398
224000	399	0	5443	0	4171	0	15248	13651
225000	467	0	5669	0	3535	0	16105	11340
226000	455	0	5819	0	3214	0	17863	8982
227000	510	0	5821	0	2832	0	17793	7854
228000	465	0	6077	0	2637	0	16694	6367
229000	493	0	6180	0	1751	0	17800	5582
230000	541	0	5591	0	3381	0	15119	9788
231000	535	0	6320	0	1370	0	18308	5106
232000	454	0	6351	0	1489	0	18786	4409
233000	403	0	6159	0	2624	0	17739	8457
234000	467	0	6101	0	2628	0	16718	7805
235000	453	0	6163	0	1992	0	18453	5483
236000	612	0	6216	0	1831	0	17782	5735
237000	544	0	5983	0	2558	0	16555	8360
238000	356	0	6368	0	2112	0	17789	5959
239000	591	0	6152	0	1627	0	18484	4346
240000	519	0	6039	0	2655	0	18031	7080
241000	597	0	5855	0	2678	0	16605	6951
242000	567	0	5879	0	2597	0	16962	8079
243000	650	0	6178	0	1605	0	16763	4091
244000	527	0	5791	0	3099	0	17225	6818
245000	492	0	5887	0	2975	0	17300	8172
246000	419	0	5728	0	3489	0	15830	11022
247000	332	0	5371	0	4568	0	16176	11176
248000	476	0	5401	0	4076	0	16648	10846
249000	433	0	5593	0	3490	0	16249	11066
250000	437	0	6150	0	2438	0	17358	5954
251000	641	0	5644	0	3133	0	16077	7482
252000	479	0	5694	0	3567	0	14600	11937
253000	558	0	5492	0	3612	0	16605	11028
254000	602	0	5744	0	2791	0	17486	8453
255000	512	0	6048	0	2576	0	17359	8430
256000	462	0	5835	0	3283	0	17221	9958
257000	541	0	6032	0	2098	0	17731	5353
258000	500	0	5365	0	4137	0	15729	9369
259000	418	0	5279	0	4535	0	15036	13375
260000	354	0	5540	0	4027	0	16337	11306
261000	411	0	5860	0	3114	0	16455	9343
262000	545	0	6049	0	2035	0	18755	5908
263000	464	0	5817	0	2957	0	16409	7249
264000	513	0	5637	0	3423	0	15291	10921
265000	374	0	5863	0	3444	0	15599	10523
266000	452	0	5706	0	3396	0	16891	9045
267000	420	0	5884	0	3217	0	15111	11419
268000	439	0	5951	0	3098	0	17870	9771
269000	552	0	5669	0	3252	0	16295	10253
270000	428	0	6155	0	2299	0	17459	7239
271000	290	0	6122	0	2686	0	16633	7654
272000	251	0	6461	0	1600	0	18122	4224
273000	556	0	5764	0	2955	0	17585	6684
274000	437	0	6144	0	2456	0	17411	7833
275000	629	0	5982	0	2056	0	17752	5920
276000	683	0	5662	0	3059	0	16237	8319
277000	557	0	5885	0	2751	0	17861	7276
278000	568	0	6012	0	2453	0	17366	9242
279000	946	0	5335	0	3103	0	16237	8441
280000	633	0	6084	0	2105	0	15930	6782
281000	558	0	6169	0	1734	0	17962	4808
282000	429	0	6408	0	1545	0	18467	4552
283000	508	0	6174	0	1964	0	18828	5708
284000	612	0	5986	0	1816	0	17140	6237
285000	328	0	6483	0	1379	0	17023	3497
286000	585	0	6208	0	1169	0	17961	3945
287000	791	0	6207	0	1367	0	17251	5153
288000	485	0	6480	0	907	0	18379	3448
289000	415	0	6370	0	1595	0	19305	3974
290000	742	0	5978	0	2033	0	16959	5884
291000	599	0	6242	0	1789	0	17510	5041
292000	643	0	6001	0	2497	0	16834	7672
293000	572	0	6385	0	1011	0	18535	3136
294000	428	0	6585	0	926	0	18718	3939
295000	347	0	6531	0	1286	0	18083	3860
296000	440	0	6007	0	2761	0	17692	6465
297000	484	0	5549	0	3657	0	15709	8658
298000	305	0	5229	0	4927	0	15418	13174
299000	468	0	5506	0	4062	0	15265	10547
300000	462	0	6074	0	2573	0	17303	8626
301000	507	0	5806	0	3204	0	16299	10402
302000	643	0	5808	0	2985	0	15967	8449
303000	621	0	5369	0	3822	0	15048	11617
304000	750	0	5019	0	4440	0	15371	11534
305000	499	0	5247	0	4429	0	15986	11942
306000	379	0	5831	0	3574	0	16286	12643
307000	360	0	5730	0	3736	0	15949	10902
308000	406	0	6136	0	2541	0	15952	7242
309000	456	0	6244	0	1871	0	18015	6202
310000	783	0	6008	0	1423	0	18243	3356
311000	649	0	5718	0	2852	0	16990	8264
312000	414	0	5559	0	3850	0	16175	8809
313000	388	0	5298	0	4583	0	15284	12613
314000	598	0	5078	0	4372	0	14922	12353
315000	400	0	5011	0	4960	0	15434	13495
316000	474	0	4883	0	5230	0	14041	14957
317000	671	0	4883	0	4841	0	14878	13834
318000	416	0	5501	0	4139	0	15338	11126
319000	513	0	5665	0	3551	0	15193	10255
320000	591	0	5423	0	3977	0	15214	12367
321000	567	0	5347	0	4123	0	16163	11146
322000	728	0	4853	0	4712	0	15097	12459
323000	523	0	5335	0	4103	0	15248	12279
324000	641	0	4827	0	4980	0	15597	12337
325000	472	0	5144	0	4670	0	15300	12627
326000	432	0	5481	0	3990	0	17000	11536
327000	383	0	5171	0	4611	0	15287	12166
328000	572	0	4517	0	5813	0	14274	14391
329000	343	0	4656	0	5863	0	14435	16019
330000	567	0	5592	0	3494	0	14363	12654
331000	389	0	5725	0	3448	0	17107	9604
332000	476	0	6021	0	2554	0	17974	7431
333000	595	0	6019	0	2642	0	17970	6859
334000	521	0	6019	0	2422	0	15972	8468
335000	652	0	6043	0	2078	0	17336	5178
336000	532	0	6327	0	1665	0	17124	6082
337000	637	0	5636	0	2911	0	17646	7507
338000	687	0	5385	0	3654	0	15564	10051
339000	398	0	5616	0	3865	0	16041	10642
340000	555	0	5712	0	3132	0	16361	9262
341000	467	0	5612	0	3566	0	15259	10663
342000	478	0	5554	0	3755	0	16337	11661
343000	528	0	5407	0	3856	0	16211	10231
344000	676	0	5308	0	4020	0	14774	11972
345000	358	0	6302	0	1946	0	17120	7021
346000	393	0	6588	0	899	0	18261	3404
347000	709	0	6262	0	876	0	18208	2106
348000	416	0	6692	0	299	0	18948	1285
349000	417	0	6766	0	14	0	19690	461
350000	539	0	6492	0	0	0	19626	4
351000	920	0	6179	0	0	0	17166	0
