0	0	0	0	14400	0	0	0	0
1000	164	319	3837	7344	112	4	33015	373
2000	318	206	4813	5410	76	0	29237	487
3000	387	87	6138	2474	0	0	27329	5
4000	300	224	5906	3112	0	0	26320	12
5000	221	316	5341	4619	15	0	28860	145
6000	291	194	5271	4636	0	0	28464	2
7000	220	234	5343	4709	71	0	29795	201
8000	240	234	5104	4996	51	6	28088	283
9000	338	267	5533	3865	0	0	26770	13
10000	278	151	6074	2894	0	0	25346	8
11000	513	141	6217	1406	0	0	23184	2
12000	206	87	6577	1433	4	0	23382	51
13000	557	105	6249	1674	0	0	21428	1
14000	513	113	6401	1136	0	0	21889	2
15000	389	9	6625	764	33	0	21216	22
16000	432	49	6439	1087	6	0	23010	131
17000	279	140	5791	3427	0	0	25671	1
18000	233	196	5869	3461	0	0	26536	8
19000	366	131	5952	3040	0	0	26162	8
20000	334	323	5484	3908	42	0	26276	141
21000	275	261	5541	3920	0	0	27638	4
22000	234	278	5531	4269	0	0	28429	26
23000	357	264	5364	4291	0	0	28199	1
24000	273	227	5604	3685	335	0	28480	578
25000	459	191	5311	3824	244	194	25940	958
26000	283	211	5342	3590	377	583	26744	1855
27000	246	112	5350	3859	499	332	24682	2734
28000	488	92	5562	2834	889	41	23504	2340
29000	385	102	5616	3067	430	9	24272	1529
30000	438	142	5839	2251	742	23	23631	2004
31000	307	81	5938	2093	828	51	22365	2555
32000	465	114	5632	2451	769	126	24559	2865
33000	347	134	5925	1525	1279	142	20884	4111
34000	457	93	5824	2130	719	220	23297	2261
35000	430	158	5775	1752	1121	316	21908	3979
36000	654	27	5758	876	2170	74	18848	6226
37000	589	52	5759	698	2099	353	18596	7629
38000	424	118	5520	1000	2301	549	18627	8948
39000	539	13	5950	324	2112	199	17732	7789
40000	486	90	5639	394	3034	118	16560	8758
41000	470	14	5359	209	4006	27	16731	11546
42000	481	9	5014	595	4266	57	16226	12586
43000	361	14	5482	400	3517	350	17479	10877
44000	438	9	5746	205	3292	172	16745	10266
45000	400	13	5813	96	2976	326	16837	9463
46000	632	0	6138	110	1881	25	18027	5979
47000	506	0	6345	0	1322	0	17401	3377
48000	444	0	6224	0	2416	0	16738	7593
49000	625	0	5865	0	2223	0	17351	6870
50000	326	0	6034	0	2845	0	17871	8226
51000	561	0	5609	0	3384	0	16986	8757
52000	469	0	5775	0	3441	0	16305	9445
53000	538	0	5462	0	4008	0	15757	12283
54000	623	0	5120	0	4425	0	14451	12577
55000	461	0	5157	0	4619	0	15093	13069
56000	490	0	5238	0	4375	0	14751	13235
57000	471	0	4954	0	4889	0	14653	13663
58000	475	0	5134	0	4797	0	14738	12870
59000	537	0	5584	0	3394	0	17074	11916
60000	558	0	5332	0	4487	0	15021	10626
61000	545	0	4905	0	5024	0	14951	14255
62000	460	0	5417	0	4200	0	14551	12736
63000	517	0	5495	0	3988	0	15437	11687
64000	390	0	6404	0	1683	0	17971	5587
65000	406	0	6435	0	1623	0	18724	3999
66000	282	0	6590	0	1604	0	18535	4375
67000	454	0	6419	0	1010	0	18737	2309
68000	719	0	6278	0	673	0	19382	2295
69000	603	0	6454	0	416	0	17522	1443
70000	410	0	6663	0	270	0	19578	446
71000	479	0	6438	0	505	0	18818	1787
72000	509	0	6487	0	808	0	18161	2494
73000	526	0	6505	0	794	0	17407	2873
74000	457	0	6211	0	1835	0	18299	4410
75000	626	0	6403	0	1019	0	18926	3566
76000	584	0	5964	0	2583	0	16699	7853
77000	557	0	6108	0	2171	0	17397	5135
78000	594	0	6013	0	2118	0	17486	5469
79000	447	0	6241	0	1906	0	17101	6427
80000	382	0	6111	0	2683	0	18451	8102
81000	430	0	5452	0	4136	0	16024	10490
82000	624	0	4783	0	5002	0	13386	15089
83000	413	0	5358	0	4359	0	15776	12543
84000	445	0	5224	0	4741	0	14296	12541
85000	540	0	5096	0	4595	0	14201	12859
86000	453	0	4764	0	5457	0	13514	16111
87000	451	0	5172	0	4782	0	15270	12589
88000	481	0	5522	0	3964	0	16446	11591
89000	502	0	5478	0	3840	0	15628	11486
90000	480	0	5394	0	4149	0	16301	12713
91000	464	0	5012	0	4738	0	14739	12154
92000	646	0	5353	0	3938	0	16484	11493
93000	569	0	5365	0	4167	0	15484	11369
94000	637	0	5539	0	3272	0	16421	9931
95000	545	0	5958	0	2762	0	16500	7001
96000	496	0	5963	0	2576	0	16201	9405
97000	365	0	6143	0	2355	0	16729	7744
98000	454	0	5858	0	3028	0	17263	7103
99000	436	0	6295	0	1975	0	17576	5998
100000	598	0	6030	0	2185	0	18604	5431
101000	564	0	5802	0	3048	0	17203	7085
102000	368	0	5865	0	3052	0	16925	8363
103000	435	0	6257	0	1945	0	17117	6906
104000	660	0	5855	0	2354	0	16222	7478
105000	562	0	6154	0	2222	0	17061	7149
106000	589	0	6275	0	1502	0	18422	5528
107000	587	0	5616	0	3084	0	16735	8408
108000	453	0	5113	0	4604	0	16488	11514
109000	441	0	5472	0	4087	0	15422	11754
110000	413	0	5897	0	3119	0	16651	10229
111000	535	0	5868	0	3055	0	16782	8746
112000	424	0	6105	0	2836	0	15798	8619
113000	404	0	6133	0	2501	0	17773	6895
114000	515	0	6265	0	2024	0	16387	7129
115000	682	0	5836	0	2677	0	17125	8924
116000	703	0	6133	0	1554	0	17470	5916
117000	662	0	6085	0	1532	0	16659	4643
118000	481	0	6044	0	2808	0	16279	8378
119000	590	0	5504	0	3606	0	15655	11118
120000	445	0	5760	0	3494	0	15956	11421
121000	408	0	6110	0	2510	0	17713	6862
122000	519	0	5918	0	2893	0	16799	9185
123000	609	0	5681	0	3061	0	16371	9397
124000	687	0	5258	0	3753	0	16453	9668
125000	391	0	5900	0	3067	0	16830	9489
126000	593	0	5769	0	2973	0	18081	8515
127000	751	0	5482	0	3261	0	14875	9759
128000	627	0	6022	0	2027	0	16030	6217
129000	538	0	5819	0	2885	0	16836	7883
130000	672	0	5940	0	2503	0	16664	7391
131000	383	0	5498	0	3990	0	16949	9892
132000	709	0	5686	0	2790	0	16865	10206
133000	628	0	5417	0	3511	0	16636	9267
134000	498	0	6016	0	2673	0	16274	8368
135000	419	0	5861	0	3125	0	16670	9453
136000	691	0	5454	0	3538	0	15397	11709
137000	433	0	6228	0	2258	0	16127	7565
138000	359	0	6077	0	2809	0	16975	7592
139000	358	0	6382	0	1936	0	18370	6233
140000	418	0	6067	0	2316	0	18124	5754
141000	583	0	5990	0	2441	0	18492	6149
142000	575	0	5648	0	3218	0	16156	8503
143000	426	0	5539	0	3811	0	16660	10853
144000	405	0	5617	0	3841	0	16426	10430
145000	369	0	5807	0	3584	0	15766	12225
146000	481	0	5450	0	3859	0	16045	10179
147000	536	0	5705	0	3444	0	15833	9662
148000	385	0	5762	0	3602	0	15959	9906
149000	517	0	5961	0	2539	0	17322	6948
150000	421	0	5925	0	2887	0	16549	7339
151000	606	0	5416	0	3653	0	16847	10093
152000	455	0	5500	0	3925	0	16932	10094
153000	409	0	5867	0	3293	0	15517	9376
154000	343	0	5979	0	3116	0	17409	9276
155000	684	0	5941	0	2399	0	16859	7549
156000	508	0	6258	0	1899	0	17523	4876
157000	487	0	6140	0	2147	0	18732	5560
158000	632	0	6376	0	610	0	18652	1791
159000	701	0	6285	0	1125	0	17824	3241
160000	406	0	6618	0	1001	0	18966	2097
161000	475	0	6534	0	485	0	18966	1572
162000	480	0	6437	0	0	0	18447	128
163000	536	0	6601	0	0	0	19381	0
