0	0	0	0	14400	0	0	0	0
1000	2	493	99	13485	75	40	37859	337
2000	6	519	80	13509	27	39	37166	232
3000	5	583	85	13501	22	36	36437	112
4000	1	577	74	13431	61	22	36781	163
5000	2	594	90	13443	26	48	36815	174
6000	6	534	112	13409	73	49	38125	397
7000	2	539	75	13491	34	84	36751	329
8000	3	528	99	13458	44	56	37908	252
9000	6	620	98	13332	54	94	36963	316
10000	1	497	69	13460	82	63	38350	373
11000	2	564	90	13442	56	28	36889	235
12000	5	540	91	13443	77	27	37012	319
13000	4	521	94	13401	114	64	36268	509
14000	4	560	73	13355	101	86	37076	500
15000	4	476	75	13413	95	153	35981	604
16000	7	502	91	13342	128	110	36388	650
17000	5	496	85	13383	134	73	36845	494
18000	7	539	81	13371	93	118	36694	608
19000	0	560	92	13382	53	117	36483	537
20000	4	523	84	13428	56	96	37741	438
21000	4	567	88	13372	77	103	35214	511
22000	3	566	96	13338	102	110	36960	484
23000	2	591	90	13308	90	111	36228	751
24000	4	522	78	13392	109	71	37151	556
25000	3	478	87	13383	153	88	37432	562
26000	5	597	86	13279	125	123	36457	463
27000	4	573	99	13317	103	97	36377	628
28000	2	524	82	13420	56	95	36622	386
29000	2	590	99	13385	42	50	37029	300
30000	3	504	83	13550	45	27	36728	158
31000	3	526	101	13518	48	12	36612	197
32000	4	508	84	13587	26	8	36859	81
33000	6	535	81	13499	62	16	37000	150
34000	1	517	93	13529	45	16	37801	191
35000	4	566	79	13403	80	66	36177	279
36000	1	565	97	13373	83	58	36967	384
37000	3	510	92	13424	89	78	36629	362
38000	2	483	82	13394	115	120	36954	531
39000	1	574	88	13388	65	101	36036	596
40000	1	483	80	13484	40	114	38745	574
41000	1	486	67	13502	75	77	37419	376
42000	4	520	98	13458	65	79	36896	274
43000	3	563	78	13429	42	67	37614	189
44000	3	483	67	13508	66	79	36811	287
45000	3	537	78	13370	139	64	36757	515
46000	3	489	94	13417	121	65	36855	601
47000	5	537	97	13352	97	112	36609	509
48000	2	522	110	13393	80	90	37407	483
49000	4	554	95	13367	75	90	36463	614
50000	6	591	90	13308	63	115	35579	430
51000	5	489	84	13473	51	87	37860	330
52000	3	530	86	13415	73	84	36993	628
53000	5	561	92	13355	77	92	35453	515
54000	7	536	94	13495	51	29	35828	221
55000	2	486	86	13596	20	33	39255	115
56000	2	557	82	13544	7	20	37736	73
57000	4	519	90	13541	13	31	36831	87
58000	1	559	89	13512	23	21	36641	192
59000	3	543	88	13545	18	3	37610	121
60000	4	495	68	13654	2	1	38082	19
61000	0	561	94	13512	0	6	37953	25
62000	4	576	85	13524	0	0	35914	3
63000	1	525	98	13453	86	11	37829	316
64000	5	515	89	13511	49	26	36965	151
65000	3	565	93	13473	52	14	38724	272
66000	9	491	99	13526	34	25	37208	199
67000	1	550	100	13464	31	47	36952	265
68000	3	540	81	13571	8	21	38142	95
69000	3	522	70	13610	4	0	36252	52
70000	2	540	86	13550	0	2	36362	6
71000	5	566	77	13560	2	0	37725	23
72000	5	539	81	13539	30	4	37918	66
73000	5	529	67	13584	27	6	37655	135
74000	2	517	95	13517	44	30	38078	144
75000	5	592	85	13486	30	10	36711	112
76000	1	522	62	13556	39	14	36338	151
77000	0	513	92	13492	47	25	37739	177
78000	8	539	84	13436	54	77	37917	263
79000	9	612	93	13349	54	64	34451	338
80000	3	481	88	13517	42	60	38177	394
81000	2	527	92	13443	46	59	37705	164
82000	4	539	78	13461	96	13	38773	207
83000	4	502	74	13541	51	41	38097	267
84000	8	541	83	13476	67	38	37324	299
85000	2	546	88	13521	29	13	38260	182
86000	2	564	76	13537	13	16	36944	110
87000	3	510	78	13576	7	65	36964	120
88000	2	529	90	13479	20	85	38264	201
89000	2	530	83	13427	51	100	36829	460
90000	3	568	84	13419	30	89	36025	424
91000	2	477	93	13506	34	60	37886	392
92000	2	559	102	13403	59	72	37165	266
93000	2	601	99	13398	20	69	37560	384
94000	3	595	76	13407	48	62	37410	232
95000	2	558	99	13392	95	37	37297	362
96000	3	512	95	13445	88	63	37304	440
97000	2	550	87	13484	38	49	37746	299
98000	4	536	83	13474	49	41	37442	267
99000	3	500	96	13553	17	35	36980	257
100000	2	549	94	13469	17	73	36439	206
101000	6	589	83	13507	8	19	37650	145
102000	5	543	98	13526	1	2	36118	32
103000	5	561	86	13313	181	7	38017	336
104000	1	516	93	13402	85	76	37334	416
105000	7	482	82	13355	155	111	36913	637
106000	4	545	93	13315	110	119	37444	574
107000	1	567	74	13256	176	133	35769	722
108000	5	459	82	13239	228	181	37131	1058
109000	9	503	87	13192	178	221	35669	901
110000	7	598	93	13082	226	190	35495	954
111000	3	543	93	13088	267	217	36138	1219
112000	6	510	94	13034	303	240	36300	1589
113000	4	548	86	13039	261	236	36134	1169
114000	6	490	81	13115	255	256	37190	1459
115000	12	553	99	13122	163	258	36344	1167
116000	3	549	73	13016	233	328	36324	1471
117000	5	566	86	12983	330	236	37087	1464
118000	4	535	107	13039	318	198	36438	1732
119000	5	502	95	13105	250	235	36807	1472
120000	4	521	95	13023	338	227	36212	1560
121000	8	517	92	12932	356	302	35847	1751
122000	3	564	97	12998	262	282	34897	1710
123000	2	512	88	13189	186	247	37726	1211
124000	6	543	79	13190	180	237	36100	1134
125000	10	527	92	13222	167	177	36142	1144
126000	6	523	70	13174	236	195	35874	1162
127000	4	507	90	13167	237	171	37518	987
128000	2	505	102	13217	144	224	36690	822
129000	4	536	92	13200	164	194	36738	1038
130000	3	551	76	13253	172	155	36418	1020
131000	2	519	78	13340	127	143	36585	850
132000	5	500	87	13221	247	139	37697	879
133000	6	547	77	13172	207	192	36151	906
134000	4	536	93	13193	181	184	35978	1096
135000	1	553	86	13244	162	178	35222	780
136000	5	572	104	13174	157	179	35956	706
137000	4	506	87	13185	228	184	36237	944
138000	4	512	98	13142	239	219	35494	1336
139000	2	540	90	13255	180	127	36712	867
140000	7	510	78	13222	171	178	35794	1015
141000	2	625	92	13166	203	132	34568	982
142000	4	542	93	13216	199	125	36026	791
143000	4	540	111	13188	157	207	35738	913
144000	6	536	97	13252	94	210	37367	673
145000	4	526	83	13252	140	195	35866	930
146000	3	568	87	13356	92	109	37061	528
147000	7	538	70	13400	100	73	36647	753
148000	2	510	81	13387	97	126	37150	491
149000	4	542	97	13273	159	117	35930	650
150000	2	568	85	13275	131	128	34994	706
151000	4	521	80	13236	205	132	37438	688
152000	6	539	74	13245	175	178	36849	976
153000	2	597	87	13165	190	168	35839	926
154000	4	558	94	13174	204	147	35956	1204
155000	2	526	76	13134	236	235	36898	1359
156000	5	508	85	13080	259	262	35108	1677
157000	4	519	101	13030	253	281	35335	1421
158000	3	495	93	12962	280	324	36314	1380
159000	8	514	101	12998	271	276	36096	1793
160000	5	484	92	13032	265	342	35750	1649
161000	4	539	93	13006	270	304	36431	1288
162000	4	547	72	13043	230	296	36087	1416
163000	4	511	102	13060	251	277	36081	1437
164000	5	525	76	12977	305	307	34511	1785
165000	4	596	70	12762	354	406	35761	1972
166000	4	475	101	12943	346	333	36192	1822
167000	4	578	61	13055	241	244	36824	1666
168000	8	544	94	13221	119	221	34832	851
169000	5	520	94	13274	133	166	36846	1010
170000	6	586	75	13321	79	120	35525	612
171000	3	566	87	13384	76	71	37551	522
172000	3	483	85	13445	90	96	37589	424
173000	3	552	119	13266	108	131	35911	572
174000	4	537	90	13305	90	167	36054	828
175000	6	535	90	13223	134	201	36636	842
176000	3	559	90	13325	87	117	37309	717
177000	6	592	80	13311	60	129	36380	463
178000	7	543	86	13381	85	107	36363	652
179000	5	533	68	13400	80	97	36787	459
180000	3	536	87	13369	100	95	36763	492
181000	4	535	94	13338	176	59	36819	594
182000	5	560	76	13272	182	98	37165	537
183000	6	559	84	13218	161	163	34715	893
184000	4	497	99	13258	131	187	36219	821
185000	5	569	80	13202	153	204	35956	867
186000	3	542	104	13197	144	202	36396	1015
187000	4	531	89	13205	166	197	36715	860
188000	3	560	74	13158	198	193	38115	928
189000	4	568	78	13306	71	153	35955	862
190000	2	524	84	13376	72	137	37852	758
191000	3	526	81	13376	122	91	36173	560
192000	1	581	91	13356	81	88	36140	441
193000	4	533	84	13444	99	50	38202	388
194000	4	559	92	13438	61	49	38097	279
195000	6	553	85	13479	25	21	36097	132
196000	2	520	81	13553	11	14	35796	70
197000	2	584	83	13492	13	22	37604	62
198000	3	558	68	13546	20	9	37671	127
199000	3	589	88	13439	35	11	36582	67
200000	4	489	77	13594	31	6	37217	87
201000	6	540	93	13550	10	12	37750	52
202000	1	494	80	13626	0	7	39283	31
203000	4	542	73	13563	3	16	37209	64
204000	4	504	69	13592	5	28	37541	114
205000	3	533	91	13510	10	21	37521	137
206000	5	560	72	13522	8	22	36620	92
207000	3	581	95	13509	3	10	36277	26
208000	0	533	91	13539	12	5	37730	24
209000	0	493	78	13591	3	7	37847	34
210000	2	546	81	13583	0	3	36759	7
211000	1	573	76	13551	2	3	35721	13
212000	2	543	83	13553	2	13	37969	29
213000	3	515	75	13600	9	11	39477	52
214000	2	520	109	13561	6	11	37821	65
215000	2	589	96	13490	3	8	35911	72
216000	5	508	85	13564	7	17	38477	79
217000	5	542	76	13553	20	1	37255	18
218000	6	554	80	13557	5	8	36226	29
219000	1	564	99	13514	1	6	37098	36
220000	7	515	82	13574	0	0	37198	26
221000	6	477	94	13520	92	8	38171	345
222000	4	557	90	13456	63	32	35870	147
223000	1	565	91	13419	66	57	37197	280
224000	2	493	79	13551	31	41	37535	323
225000	4	507	99	13498	21	53	37125	249
226000	5	519	87	13540	13	35	37655	63
227000	4	517	108	13518	11	20	37866	81
228000	3	559	84	13490	41	16	36537	130
229000	2	512	97	13523	37	18	36152	186
230000	5	529	90	13489	32	45	38043	168
231000	2	640	60	13447	27	29	35575	205
232000	3	581	74	13500	27	12	36823	83
233000	7	568	90	13496	1	7	38222	5
234000	0	539	95	13536	4	4	36039	29
235000	3	499	87	13626	1	0	37332	1
236000	3	586	88	13430	78	12	37239	305
237000	3	590	81	13446	43	43	37442	258
238000	3	609	71	13395	70	52	36749	391
239000	6	521	77	13484	42	41	36111	300
240000	6	557	85	13507	33	27	37721	168
241000	2	508	86	13544	24	16	37316	188
242000	5	548	79	13519	10	33	37416	204
243000	4	528	81	13531	6	25	38803	155
244000	1	560	81	13505	10	27	37567	25
245000	2	545	103	13518	8	18	38089	104
246000	2	573	104	13426	12	80	36599	213
247000	3	570	82	13380	30	123	36337	435
248000	3	529	74	13431	33	143	37721	432
249000	5	563	97	13348	57	119	37036	444
250000	2	542	114	13332	94	94	37250	540
251000	4	529	107	13361	108	100	36917	666
252000	3	513	81	13332	95	173	37240	655
253000	3	517	72	13353	142	104	36994	628
254000	1	528	75	13317	168	128	37909	939
255000	5	527	88	13346	160	88	37651	874
256000	2	532	82	13282	136	174	35250	858
257000	6	495	103	13315	135	119	38191	712
258000	6	544	93	13334	80	147	36987	624
259000	2	524	82	13447	76	65	37410	441
260000	1	510	81	13465	72	49	36506	328
261000	3	542	98	13455	34	47	37324	243
262000	6	511	91	13521	40	36	38457	282
263000	2	583	91	13421	31	49	37158	290
264000	2	555	81	13505	17	47	37692	225
265000	4	569	81	13477	22	40	35818	202
266000	3	520	108	13533	6	22	38442	91
267000	5	496	85	13566	11	33	37696	138
268000	1	573	95	13491	20	27	36702	167
269000	3	570	83	13521	14	16	36731	81
270000	4	562	87	13474	30	43	37078	186
271000	6	538	79	13488	48	20	36096	227
272000	3	506	72	13511	45	58	37695	277
273000	6	546	87	13442	76	43	37672	339
274000	5	535	72	13511	8	62	37808	259
275000	8	544	107	13458	31	57	35161	203
276000	3	528	78	13501	22	49	37099	210
277000	1	520	85	13512	46	61	36706	333
278000	4	541	88	13484	39	62	37732	280
279000	0	547	100	13462	24	40	38544	316
280000	2	583	82	13456	21	52	38076	239
281000	3	575	73	13475	15	57	37279	167
282000	1	531	78	13531	16	38	38139	61
283000	2	557	92	13476	14	46	36798	212
284000	2	553	92	13511	18	17	38789	93
285000	1	560	78	13545	2	4	37207	36
286000	1	563	99	13413	84	12	36867	321
287000	3	542	91	13509	12	22	38072	112
288000	4	516	99	13477	14	57	38381	73
289000	3	528	91	13513	35	51	36940	330
290000	3	576	68	13411	55	102	37430	419
291000	0	550	84	13474	41	45	37775	277
292000	7	555	81	13443	42	74	37537	321
293000	4	555	76	13414	72	56	36326	190
294000	4	526	91	13425	87	42	36508	232
295000	1	491	74	13495	77	41	38381	349
296000	8	536	94	13418	87	40	36771	446
297000	5	528	111	13371	84	92	37590	397
298000	4	547	84	13417	84	49	38016	327
299000	4	543	95	13486	44	42	35050	227
300000	2	571	81	13468	18	61	38610	63
301000	8	528	86	13373	82	81	37137	356
302000	4	546	91	13422	77	67	37196	315
303000	2	520	80	13429	90	61	38067	552
304000	2	527	102	13432	73	51	36960	302
305000	6	592	81	13476	32	18	35806	146
306000	4	592	93	13471	30	18	37533	178
307000	4	576	92	13517	3	7	36592	57
308000	0	501	104	13577	5	11	38015	43
309000	4	519	90	13582	0	0	37208	1
310000	3	578	75	13377	91	69	36070	390
311000	2	515	86	13430	108	44	36397	491
312000	2	479	93	13522	67	43	37195	257
313000	5	594	99	13395	57	45	35762	249
314000	5	564	95	13462	27	39	36601	154
315000	4	564	91	13442	51	30	35713	224
316000	5	490	67	13579	30	30	39340	145
317000	4	536	91	13556	22	14	37243	104
318000	6	482	75	13579	31	18	37545	159
319000	1	572	90	13458	53	21	36349	157
320000	6	558	88	13512	32	24	36385	111
321000	3	515	85	13492	59	47	36828	223
322000	4	512	103	13489	66	50	36856	300
323000	2	469	81	13501	97	55	39020	343
324000	6	529	73	13496	43	56	36722	300
325000	4	529	85	13463	87	58	36722	321
326000	7	509	84	13489	48	62	37933	346
327000	3	584	79	13361	73	65	39123	413
328000	3	547	72	13420	110	55	37105	382
329000	1	498	90	13471	61	69	37293	387
330000	2	522	75	13496	39	50	36761	239
331000	2	567	105	13447	26	36	36428	192
332000	1	501	84	13506	63	79	37901	359
333000	5	564	83	13371	131	61	34978	504
334000	4	479	82	13476	98	67	37645	556
335000	3	548	93	13366	80	135	38656	511
336000	7	566	83	13418	82	53	37349	455
337000	2	550	97	13408	93	53	36154	339
338000	7	567	89	13377	104	37	36622	370
339000	4	568	74	13503	42	26	36981	176
340000	6	569	90	13471	47	17	35552	260
341000	2	542	86	13530	5	17	36627	37
342000	2	513	85	13564	2	16	38788	14
343000	5	582	79	13501	6	9	37846	36
344000	6	520	71	13608	5	8	37780	25
345000	1	485	79	13479	149	0	36809	0
346000	5	523	82	13359	141	84	36195	466
347000	2	583	79	13228	200	95	36792	734
348000	3	529	82	13200	206	174	36496	968
349000	5	507	74	13223	214	182	37020	1089
350000	4	528	98	13150	238	185	36565	1237
351000	8	530	90	13081	265	222	35697	1291
352000	2	505	77	13159	223	241	36607	954
353000	1	579	79	13103	248	190	34992	1404
354000	4	563	79	13115	248	182	36126	1049
355000	3	516	95	13004	366	220	37133	1382
356000	3	528	89	12957	361	246	35466	1414
357000	4	524	80	12939	367	281	37430	1600
358000	0	550	92	12894	374	293	35125	1391
359000	3	583	96	12849	329	312	34432	1739
360000	6	500	88	13123	243	233	35936	1539
361000	10	554	85	13099	227	216	37322	1247
362000	11	549	89	13018	279	248	36363	1454
363000	6	546	104	12922	318	303	35145	1713
364000	3	529	66	12960	312	332	35693	2032
365000	4	532	84	12841	412	313	35299	1698
366000	4	512	77	12798	407	396	34220	2062
367000	4	551	87	12883	348	326	34697	1966
368000	3	540	86	12868	384	335	36466	1832
369000	4	508	96	12823	365	401	35135	2164
370000	5	528	67	12896	363	366	35551	2024
371000	5	513	80	12847	416	341	34814	1938
372000	8	549	83	12922	328	324	36673	2188
373000	4	579	79	12893	303	331	36516	1869
374000	2	522	87	12952	283	380	35343	1872
375000	3	543	69	12818	381	397	34768	2138
376000	6	502	91	12794	485	329	35145	2099
377000	5	508	74	12937	387	291	35068	2187
378000	7	486	87	12979	301	346	35361	1823
379000	5	534	93	13083	243	245	35085	1273
380000	11	518	94	13205	145	247	34105	1324
381000	6	580	80	13158	182	190	37673	846
382000	9	564	81	13245	159	149	36892	818
383000	2	564	93	13242	174	123	35626	745
384000	2	539	82	13383	129	91	35872	661
385000	4	554	80	13405	103	57	36613	401
386000	3	527	77	13456	92	50	36032	418
387000	2	553	79	13378	112	96	35273	334
388000	6	539	85	13231	171	146	35752	691
389000	4	532	77	13214	187	172	36485	821
390000	4	502	76	13148	248	231	37735	965
391000	5	515	82	13044	285	253	35743	1425
392000	5	518	82	13034	271	283	37086	1380
393000	6	534	80	13088	290	215	36951	1733
394000	3	502	99	12946	350	280	36976	1569
395000	5	564	82	12921	234	354	35417	1647
396000	6	538	80	12862	257	467	35115	1481
397000	2	573	88	12970	207	345	35234	1661
398000	7	516	94	13023	241	328	35402	1627
399000	2	495	83	13002	284	337	35733	2046
400000	6	572	87	12927	288	296	34221	1486
401000	2	515	70	12925	376	315	35026	1696
402000	1	481	93	12909	403	315	35614	1680
403000	5	581	101	12826	364	321	35144	1959
404000	4	518	80	12889	364	338	35517	1527
405000	5	576	77	12995	286	262	35456	1665
406000	4	539	82	12875	356	342	35044	2325
407000	4	547	95	12980	309	274	35053	1872
408000	5	558	87	12947	316	281	36421	1775
409000	8	471	90	13051	291	255	35816	1680
410000	4	545	98	12966	319	255	36663	1845
411000	12	540	71	12922	304	337	35888	1614
412000	8	524	95	13090	189	296	36382	1595
413000	1	503	87	13167	165	262	36300	1346
414000	2	590	81	13069	246	218	35515	1285
415000	4	520	68	13076	227	283	35816	1432
416000	4	493	92	13080	258	255	36346	1293
417000	4	538	98	13023	256	269	36165	1883
418000	10	522	83	13045	276	244	35058	1669
419000	2	528	79	12907	308	359	36185	1495
420000	4	508	97	13070	240	282	35164	1447
421000	6	570	70	13040	259	247	35960	1442
422000	3	489	92	13148	251	215	36233	1400
423000	5	548	78	13080	216	249	35864	1285
424000	6	504	88	13012	293	297	35710	1453
425000	5	483	100	13085	290	234	36391	1367
426000	9	543	89	13008	263	279	35521	1557
427000	9	515	103	12937	347	272	35758	1829
428000	3	517	87	12939	382	251	35435	1819
429000	4	527	104	12973	303	265	36166	1704
430000	5	561	91	12900	328	345	34699	1764
431000	6	505	65	12860	388	382	35795	2203
432000	8	532	81	12728	398	450	34851	2124
433000	4	529	75	12781	456	377	34660	2073
434000	6	515	81	12765	422	401	35958	2306
435000	11	544	62	12844	389	376	33481	2505
436000	4	534	95	12730	390	447	34705	2122
437000	1	523	90	12648	514	418	35465	2433
438000	8	558	89	12545	561	431	34197	2613
439000	7	494	85	12571	521	500	34599	2696
440000	6	538	70	12516	568	498	34828	2681
441000	8	536	86	12511	586	474	33548	3108
442000	8	506	87	12429	541	642	34527	2948
443000	8	558	74	12399	518	645	34427	3349
444000	6	525	88	12539	527	517	34339	2902
445000	6	477	80	12626	506	518	34694	3039
446000	6	530	77	12361	684	527	34091	3161
447000	7	473	66	12439	717	515	34422	3033
448000	8	481	61	12480	676	525	35514	3306
449000	10	477	79	12461	691	494	35103	3623
450000	9	515	86	12378	575	623	33901	3771
451000	11	493	91	12403	538	649	34951	3329
452000	5	533	91	12478	550	561	33341	3414
453000	3	560	89	12226	616	702	32959	3077
454000	3	483	81	12524	565	538	34462	2853
455000	3	533	78	12641	471	454	34292	3046
456000	4	509	88	12790	374	436	35641	2229
457000	4	508	90	12743	403	425	35880	2157
458000	4	551	86	12612	441	512	34649	2774
459000	6	542	97	12711	362	481	35382	2095
460000	5	527	77	12849	284	445	33992	2235
461000	1	544	72	12930	303	343	35394	2300
462000	2	539	96	12982	278	291	35476	1974
463000	7	534	89	12914	323	324	36024	1752
464000	2	537	86	12766	374	429	36952	1984
465000	8	536	85	12845	373	357	36055	2069
466000	5	509	81	12941	308	337	35793	1696
467000	7	498	88	13053	209	329	36714	1172
468000	6	528	86	13045	248	286	36096	1853
469000	6	499	80	12999	314	291	35584	1595
470000	4	535	85	12787	408	367	34985	2123
471000	4	499	92	12878	435	291	34380	1959
472000	3	519	92	12901	346	311	36204	1684
473000	6	483	97	13009	315	293	36980	1683
474000	1	504	78	13030	317	239	35402	1548
475000	10	549	87	12874	441	242	35480	1823
476000	3	539	75	12862	418	328	36566	1702
477000	14	504	65	12898	417	303	34617	1653
478000	5	497	82	12898	389	335	35853	1821
479000	5	554	94	12845	342	349	34053	2144
480000	7	515	85	12763	400	420	36136	2108
481000	3	502	86	12696	481	445	34683	2439
482000	6	526	76	12571	612	410	34477	2912
483000	6	531	75	12651	566	393	36633	2444
484000	4	519	93	12691	449	455	35557	2238
485000	4	547	76	12761	379	433	35591	2439
486000	5	564	79	12664	374	529	34450	2697
487000	6	519	82	12591	487	498	35694	2770
488000	4	511	75	12810	373	443	35903	2366
489000	1	552	79	12747	383	442	34119	2109
490000	3	478	81	12769	379	488	36404	2505
491000	2	553	92	12729	374	456	35947	2281
492000	6	523	85	12794	342	436	36115	2189
493000	3	486	72	12682	523	429	34065	2588
494000	1	537	82	12595	471	524	34303	2427
495000	4	542	69	12456	503	595	33976	2506
496000	5	512	86	12535	518	552	33811	2899
497000	8	524	92	12544	558	469	34034	2662
498000	3	576	86	12436	579	508	33440	2839
499000	8	478	91	12579	492	559	33782	2929
