0	0	0	0	14400	0	0	0	0
1000	13	569	308	13012	114	40	36430	262
2000	12	553	289	13130	71	54	36157	288
3000	5	498	253	13255	40	48	37953	230
4000	14	527	248	13272	21	17	36970	137
5000	10	569	262	13205	17	11	38784	46
6000	10	532	284	13249	6	0	37050	18
7000	10	495	287	13237	14	5	37296	29
8000	5	517	255	13354	1	0	36384	3
9000	6	523	281	13185	88	18	36663	437
10000	17	538	232	13274	23	28	35129	283
11000	9	567	271	13217	10	7	38257	54
12000	11	539	271	13264	0	0	37952	32
13000	17	511	254	13179	118	11	37821	264
14000	10	556	262	13229	79	11	36261	110
15000	12	536	255	13248	25	36	35623	156
16000	16	525	229	13289	45	22	37309	155
17000	18	553	262	13161	40	21	37151	178
18000	15	580	250	13193	38	43	37714	257
19000	11	506	273	13207	33	52	37757	244
20000	8	521	294	13231	21	20	37404	124
21000	6	497	292	13252	11	30	36066	79
22000	10	580	273	13189	14	33	37240	101
23000	14	518	292	13287	4	4	37080	58
24000	11	493	257	13346	0	0	37479	6
25000	18	493	256	13224	86	15	37813	158
26000	3	635	266	13146	24	31	36387	231
27000	9	565	300	13174	7	41	36704	125
28000	11	508	287	13214	36	29	37048	122
29000	13	481	264	13317	24	11	38177	84
30000	17	491	261	13323	12	6	36707	34
31000	13	573	250	13274	6	0	37316	21
32000	14	517	251	13319	11	2	36372	31
33000	19	508	243	13197	154	1	36359	245
34000	10	564	275	13070	96	40	36333	444
35000	12	544	271	13157	45	62	35900	295
36000	9	517	279	13219	50	38	37718	238
37000	7	506	261	13225	102	20	36396	194
38000	13	526	319	13044	80	29	37029	347
39000	11	566	260	13155	94	9	37414	128
40000	16	525	279	13176	64	15	37556	346
41000	14	542	269	13290	2	25	36045	31
42000	9	538	295	13271	13	0	37962	36
43000	11	532	295	13268	0	0	36417	17
44000	13	482	281	13175	146	0	37568	209
45000	7	577	277	13127	55	46	36667	327
46000	10	506	278	13305	12	26	37638	146
47000	9	522	282	13214	7	38	38308	101
48000	11	524	289	13255	15	11	36094	104
49000	6	545	252	13261	9	4	36174	20
50000	12	505	267	13311	0	0	38237	3
51000	12	512	278	13093	150	55	37032	350
52000	14	566	263	13085	97	87	36660	305
53000	8	513	259	13110	93	120	36327	762
54000	15	522	270	13051	102	129	35909	606
55000	13	568	263	13006	131	143	37520	902
56000	13	534	276	13050	84	142	36501	439
57000	9	560	285	12987	97	140	35582	725
58000	16	485	268	13031	117	172	37458	748
59000	19	572	278	12931	139	178	35336	889
60000	5	536	256	12942	261	119	36016	1095
61000	21	462	272	12930	239	156	36912	1180
62000	22	479	294	12825	283	174	36781	1185
63000	14	473	248	12985	225	142	36426	818
64000	7	593	252	12848	232	155	36108	1015
65000	15	508	263	12807	216	262	35348	1409
66000	11	561	282	12829	162	259	34282	1060
67000	16	512	280	12886	190	205	36800	1178
68000	16	533	240	12913	197	206	36549	1143
69000	17	507	227	13126	102	159	35705	1209
70000	12	475	319	13095	136	57	36204	633
71000	13	534	266	13121	132	56	36317	500
72000	11	600	271	12922	175	121	35381	563
73000	10	579	269	13011	109	106	36480	646
74000	10	557	270	13170	57	55	36075	401
75000	8	541	262	13217	17	62	36623	202
76000	11	510	260	13250	42	24	36753	269
77000	13	519	229	13288	32	23	35294	156
78000	12	569	283	13092	64	55	36073	253
79000	15	532	254	13112	58	109	36132	387
80000	6	512	278	13154	81	92	36252	480
81000	5	547	285	13145	52	53	35167	251
82000	11	580	251	13100	115	74	36196	523
83000	13	504	271	13083	137	94	35465	663
84000	8	473	288	13165	60	79	37310	417
85000	6	546	285	13121	98	44	38807	424
86000	15	514	283	13072	158	67	35573	595
87000	10	501	255	13186	94	77	36250	381
88000	13	544	245	13191	81	71	36116	525
89000	8	527	243	13232	37	70	35924	301
90000	6	532	243	13247	29	31	36073	171
91000	10	552	278	13202	33	20	37046	96
92000	9	540	221	13313	33	19	36972	203
93000	17	515	281	13204	43	49	38177	313
94000	9	525	249	13222	31	71	37731	273
95000	9	559	266	13205	23	74	37143	132
96000	9	561	238	13194	66	74	37820	468
97000	19	575	267	13046	139	60	36792	536
98000	11	586	259	12914	223	116	36037	913
99000	10	509	258	12985	222	122	36064	1084
100000	5	467	288	12855	266	197	36413	1379
101000	16	507	255	12898	230	213	35450	1007
102000	13	545	244	12717	302	270	36707	1470
103000	13	530	295	12717	305	237	35207	1540
104000	16	538	301	12627	374	205	34589	1496
105000	18	475	260	12730	378	225	35242	1414
106000	16	566	275	12713	313	247	35208	1423
107000	8	558	264	12754	234	283	36413	1550
108000	20	522	248	12799	262	246	35489	1543
109000	14	541	283	12714	267	241	35105	1262
110000	11	518	264	12714	336	216	35970	1393
111000	13	535	280	12647	316	302	36001	1784
112000	18	533	278	12663	265	328	34584	1784
113000	17	521	271	12692	320	273	35468	1985
114000	16	550	271	12533	398	354	34890	2031
115000	11	535	308	12684	428	147	35681	1597
116000	19	493	278	12737	290	288	35100	1563
117000	17	555	250	12650	315	302	34980	1393
118000	29	485	244	12585	461	301	35708	1836
119000	24	488	230	12621	374	401	36716	2155
120000	11	567	224	12650	243	476	36184	1825
121000	11	542	260	12566	366	360	35391	1833
122000	18	541	223	12759	264	285	35292	1649
123000	14	541	296	12776	234	212	35246	1322
124000	10	539	267	12882	229	162	35919	1266
125000	22	490	278	12929	181	206	37087	1224
126000	12	544	261	12949	134	197	36013	908
127000	11	528	252	13085	73	150	37867	760
128000	9	584	277	12892	178	133	35652	843
129000	12	562	232	13165	82	67	37103	480
130000	11	552	278	13095	77	73	35910	433
131000	9	504	251	13133	88	121	36366	508
132000	11	559	256	12983	190	104	34648	738
133000	10	532	244	13056	174	125	37776	980
134000	8	550	231	13021	137	161	37237	873
135000	17	532	282	13042	68	109	37679	496
136000	4	532	272	13198	71	47	37520	426
137000	12	517	258	13183	74	55	37264	365
138000	22	598	251	13144	32	59	35891	279
139000	11	540	279	13189	47	42	36945	152
140000	9	537	265	13171	59	49	36658	263
141000	9	561	285	13136	80	38	36832	403
142000	7	558	269	13180	30	71	37803	221
143000	8	565	260	13224	38	34	36877	223
144000	11	490	290	13236	56	22	36675	291
145000	10	543	292	13164	50	40	37451	290
146000	11	534	284	13163	41	44	36606	280
147000	19	566	271	13118	87	35	37079	318
148000	9	536	271	13239	18	26	36553	159
149000	13	502	276	13321	5	9	36501	60
150000	18	549	263	13259	0	7	38411	31
151000	6	573	244	13280	0	0	35630	4
152000	10	520	267	13210	54	11	37432	155
153000	9	471	262	13330	21	11	36776	45
154000	19	554	272	13219	21	8	37469	82
155000	10	523	244	13329	0	0	38232	29
156000	10	511	288	13220	82	5	36890	309
157000	6	538	264	13230	19	46	36617	152
158000	9	498	249	13335	16	11	37616	87
159000	7	524	297	13260	5	0	36824	22
160000	10	543	292	13208	0	0	37621	5
161000	10	499	275	13232	65	11	38050	170
162000	11	532	301	13199	23	21	36597	135
163000	10	486	268	13274	4	63	38472	178
164000	13	519	260	13235	27	24	37228	97
165000	7	542	281	13150	34	57	36324	158
166000	10	555	254	13207	32	29	36311	138
167000	12	567	262	13175	53	31	37357	216
168000	18	492	237	13218	71	47	36291	309
169000	14	579	251	13103	99	49	37085	545
170000	10	530	277	13040	127	100	37188	473
171000	9	559	291	13066	95	94	36021	595
172000	10	554	248	13057	98	136	36119	689
173000	15	490	246	13000	208	172	35219	1156
174000	14	516	286	13002	145	162	36536	1026
175000	18	506	253	13046	115	162	36471	847
176000	16	575	232	12947	149	166	36087	854
177000	7	477	289	13116	60	121	36919	495
178000	18	533	263	13075	91	114	37352	401
179000	13	595	270	13079	73	53	35875	444
180000	13	567	295	13167	25	32	37121	125
181000	14	513	282	13275	21	16	38372	84
182000	6	511	267	13264	17	21	35527	104
183000	8	601	261	13216	0	0	35751	2
184000	16	529	269	13079	175	12	37065	300
185000	11	540	297	13113	90	57	36551	349
186000	17	497	286	13155	49	48	37354	482
187000	15	533	288	13138	65	39	37241	304
188000	12	558	276	13160	39	45	37401	260
189000	9	542	269	13265	0	6	36501	77
190000	16	501	278	13306	9	1	38069	29
191000	10	497	272	13315	0	0	37911	5
192000	8	549	287	13196	56	5	37375	283
193000	10	550	295	13222	14	7	36362	65
194000	6	610	291	13167	2	0	36719	0
195000	10	630	244	13086	77	46	36812	307
196000	23	537	274	12862	226	138	36047	991
197000	14	520	258	12944	205	181	35304	1087
198000	12	526	263	13068	97	159	38153	656
199000	16	532	265	13047	130	108	36529	608
200000	13	504	274	12921	240	125	36690	873
201000	9	579	234	12912	174	201	36112	843
202000	13	456	295	12995	141	180	36898	993
203000	10	533	255	13138	78	81	37684	696
204000	14	511	259	13160	106	46	37510	516
205000	15	499	261	13166	118	49	37722	347
206000	8	551	266	13158	23	65	37130	261
207000	5	537	270	13126	30	83	36915	279
208000	20	549	262	13158	47	45	35283	196
209000	8	556	259	13153	62	61	37032	255
210000	15	502	275	13158	78	71	35427	526
211000	8	500	264	13204	62	68	36918	272
212000	10	552	307	13055	46	95	37565	381
213000	12	502	295	13041	110	116	37318	373
214000	18	536	267	12857	199	211	36310	1032
215000	20	546	265	12760	276	221	35381	1434
216000	21	457	287	12848	275	241	35768	1415
217000	23	485	263	12847	262	245	35774	1285
218000	18	535	280	12826	199	196	35120	861
219000	17	482	266	12803	296	246	37223	1648
220000	20	519	271	12768	294	231	35479	1384
221000	10	490	288	12825	293	194	37076	1321
222000	14	552	282	12791	242	214	35179	1212
223000	13	499	253	12899	225	227	36328	1394
224000	19	607	272	12688	325	207	34082	1307
225000	14	524	282	12786	274	206	35549	1188
226000	20	496	293	12771	253	258	35955	1614
227000	5	507	271	12763	323	239	35786	1554
228000	9	528	304	12672	279	276	36666	1420
229000	8	582	305	12710	180	299	36925	1276
230000	17	531	287	12757	227	272	34581	1234
231000	23	537	258	12578	350	374	34841	1906
232000	13	513	288	12616	341	325	36849	1826
233000	14	534	284	12511	407	339	35073	1769
234000	18	463	286	12577	401	356	36467	2103
235000	11	435	283	12629	355	382	34577	2261
236000	14	522	273	12739	293	260	35356	1594
237000	11	474	269	12875	211	272	35759	1248
238000	14	515	248	12774	319	249	36978	1472
239000	14	544	267	12765	304	199	34568	1335
240000	12	520	286	12866	245	163	36517	956
241000	14	514	268	12894	259	168	35724	1124
242000	11	544	280	12774	262	210	36380	1276
243000	11	518	277	12755	257	258	35841	1566
244000	13	521	261	12798	190	311	34854	1202
245000	19	559	275	12729	254	274	36550	1311
246000	10	540	247	12839	212	262	36126	1508
247000	12	540	275	12904	196	162	36125	952
248000	4	518	272	12906	212	161	36378	1310
249000	16	508	262	12922	234	168	36389	1066
250000	17	519	249	12835	294	172	36237	1084
251000	5	522	241	12779	340	231	36988	1564
252000	12	544	276	12571	397	291	35630	2043
253000	14	549	259	12752	255	277	35926	1652
254000	20	526	270	12753	299	238	35552	1400
255000	16	517	266	12761	291	263	35212	1522
256000	13	519	253	12765	230	345	34742	1650
257000	7	571	278	12612	331	279	35836	1700
258000	19	525	259	12621	362	335	35031	1744
259000	18	554	252	12658	237	379	35139	1779
260000	11	545	268	12626	281	371	35227	1730
261000	14	438	270	12616	375	369	34987	1826
262000	15	598	300	12463	367	323	35808	1991
263000	12	552	246	12773	246	298	34060	1390
264000	15	487	252	12816	313	214	35555	1555
265000	21	484	258	12868	292	172	36437	1337
266000	10	553	268	13094	114	99	35597	647
267000	9	498	270	13048	145	123	37779	727
268000	12	535	248	12941	185	198	36797	932
269000	18	467	246	12898	318	151	35389	1174
270000	13	548	246	12824	259	219	35738	1271
271000	14	501	284	12822	236	220	35926	1210
272000	19	469	249	12947	227	185	38351	1155
273000	16	538	255	12829	215	222	36228	1240
274000	18	544	263	12953	213	149	36509	1034
275000	12	442	276	13098	175	105	36584	832
276000	12	614	307	12892	104	147	36254	810
277000	10	539	276	12989	107	171	36198	683
278000	9	505	286	13089	84	137	36565	671
279000	9	517	276	13079	113	88	36148	625
280000	17	537	276	13107	84	71	37833	572
281000	7	492	271	13048	94	167	37416	613
282000	11	528	256	13114	128	92	37467	750
283000	8	492	255	12989	168	164	38174	877
284000	18	506	275	12867	225	180	37032	960
285000	8	503	283	12982	189	150	36062	1211
286000	14	503	268	12963	213	114	36899	763
287000	20	491	249	12909	154	255	36598	1059
288000	12	546	266	12963	138	163	35801	952
289000	10	475	284	13031	159	108	35845	664
290000	8	486	264	13130	106	89	36580	636
291000	13	566	238	13094	125	55	35294	559
292000	14	531	301	13071	87	66	36607	499
293000	11	565	249	13185	61	43	35371	285
294000	14	491	270	13239	42	69	37420	368
295000	9	517	260	13259	26	60	36276	433
296000	18	590	258	13184	22	9	36855	71
297000	17	554	234	13273	4	19	37882	45
298000	13	533	314	13076	120	0	37222	30
299000	12	537	291	13123	74	41	36256	415
300000	7	532	263	13154	85	65	37295	507
301000	9	543	263	13165	65	73	35526	308
302000	9	576	249	13151	54	80	35501	556
303000	6	500	276	13149	56	112	36947	331
304000	15	489	249	13164	82	90	37163	600
305000	25	520	269	13163	66	35	36387	244
306000	12	528	301	13125	71	40	35661	342
307000	12	500	288	13089	98	61	35918	414
308000	9	506	299	13019	119	111	36260	468
309000	15	537	259	13084	128	86	37593	544
310000	6	544	270	13053	108	110	36832	565
311000	8	488	251	13089	158	124	37042	855
312000	10	477	255	13160	79	120	36250	674
313000	14	496	286	13138	69	112	37043	733
314000	12	547	277	13107	69	54	36898	281
315000	8	511	260	13267	12	36	37738	108
316000	14	559	282	13195	9	12	36515	41
317000	6	473	263	13366	0	0	38116	1
318000	11	529	292	13120	75	30	37068	412
319000	13	491	269	13154	111	38	36948	336
320000	10	525	297	13158	30	91	36839	406
321000	12	473	301	13234	7	58	38036	196
322000	9	520	284	13242	10	16	36852	61
323000	13	491	281	13308	14	0	37297	51
324000	15	550	251	13240	58	0	36754	135
325000	12	554	245	13230	20	35	36812	191
326000	12	510	287	13249	4	20	37279	51
327000	14	516	275	13200	106	0	36332	97
328000	18	479	240	13215	51	71	36588	378
329000	11	507	252	13223	59	69	37910	253
330000	10	541	275	13127	24	97	35717	388
331000	13	512	273	13135	48	104	35889	326
332000	12	547	295	13092	38	99	35587	421
333000	10	551	256	13171	67	65	36952	283
334000	8	547	272	13161	43	54	36454	342
335000	8	524	261	13258	43	9	36377	106
336000	10	534	266	13286	7	9	38624	66
337000	6	588	264	13237	0	4	38271	8
338000	10	550	249	13304	19	8	36672	107
339000	13	544	235	13316	2	7	36425	63
340000	12	507	254	13325	0	0	37283	1
341000	13	517	207	13273	74	29	38092	324
342000	9	579	263	13152	93	10	37051	278
343000	16	547	282	13189	49	33	36941	322
344000	9	524	300	13250	0	1	37766	34
345000	15	517	278	13201	95	0	35673	106
346000	10	523	291	13152	29	73	37281	280
347000	8	557	235	13205	30	53	36570	240
348000	14	518	260	13258	8	53	34920	98
349000	13	568	284	13223	0	14	36191	120
350000	22	558	261	13226	1	24	37131	37
351000	12	588	228	13288	13	9	36607	124
352000	10	542	284	13225	13	15	37175	77
353000	9	514	276	13197	60	11	37159	192
354000	12	553	302	13167	24	14	35100	98
355000	10	549	288	13205	12	32	34632	146
356000	13	564	256	13249	5	31	36609	263
357000	12	546	280	13211	12	22	37714	156
358000	21	507	274	13244	34	9	38308	133
359000	8	558	275	13180	20	14	36673	202
360000	6	567	294	13206	9	4	37288	44
361000	8	531	249	13265	57	4	36593	141
362000	17	544	266	13193	36	25	36890	140
363000	7	488	285	13215	52	25	37851	174
364000	9	563	293	13148	39	29	35848	161
365000	14	523	304	13211	36	46	37392	242
366000	18	490	290	13229	53	40	38111	258
367000	12	554	241	13260	31	17	37113	165
368000	5	523	286	13215	41	14	37426	157
369000	20	549	270	13225	32	15	36518	162
370000	7	565	264	13207	24	38	36987	107
371000	9	530	266	13206	22	45	36715	200
372000	14	568	287	13169	20	25	35119	185
373000	12	547	269	13280	16	15	36883	80
374000	13	534	285	13205	2	22	37351	146
375000	13	510	301	13257	3	23	36670	11
376000	7	558	223	13299	10	11	36836	28
377000	12	511	293	13272	1	0	37343	51
378000	15	528	302	13089	128	11	36785	343
379000	12	509	245	13244	72	15	37119	227
380000	12	559	253	13245	29	13	36809	153
381000	11	555	237	13279	22	12	36066	122
382000	15	509	282	13263	16	27	37388	75
383000	11	504	311	13065	45	103	38035	280
384000	20	501	234	13233	39	114	36124	471
385000	11	474	253	13048	110	219	35867	677
386000	13	495	283	12998	124	176	36460	824
387000	13	539	258	12938	130	201	35123	1127
388000	14	524	271	13012	98	149	37126	712
389000	8	522	259	13188	53	71	37692	503
390000	13	571	280	13171	36	41	37697	239
391000	15	489	287	13223	9	47	37796	184
392000	17	470	271	13303	28	19	36250	143
393000	12	539	269	13233	40	23	36063	66
394000	11	538	272	13166	40	53	36910	194
395000	19	610	286	13099	32	43	36054	138
396000	16	499	241	13314	14	42	37503	82
397000	8	507	283	13184	45	50	39034	271
398000	12	487	293	13085	67	121	37552	342
399000	14	506	271	13123	82	94	35753	803
400000	9	514	245	13220	43	73	38514	471
401000	10	514	313	13218	18	11	36440	143
402000	11	489	264	13315	5	14	36991	25
403000	11	567	255	13269	2	4	37907	56
404000	16	601	263	13140	120	0	35882	174
405000	11	536	279	13174	71	24	36916	260
406000	9	522	308	13144	46	15	36914	162
407000	9	543	293	13232	3	19	35776	52
408000	10	576	292	13211	23	7	35685	71
409000	9	503	266	13289	34	3	37471	69
410000	11	557	245	13249	41	4	35686	128
411000	9	588	258	13203	10	5	36500	26
412000	12	524	284	13292	0	1	37512	1
413000	12	465	279	13217	88	31	36422	300
414000	16	552	256	13151	81	33	36762	359
415000	16	445	260	13215	90	79	36634	465
416000	16	545	250	13093	117	96	35255	542
417000	15	512	267	13042	104	147	36925	743
418000	12	599	260	12958	96	173	35377	475
419000	14	549	286	13002	92	153	36403	714
420000	18	503	268	13064	124	114	34680	576
421000	14	500	222	13199	83	68	36697	416
422000	5	555	244	13206	54	55	38067	302
423000	9	522	254	13121	61	113	36159	344
424000	17	508	264	13147	77	103	37095	498
425000	15	553	284	12936	56	214	36482	698
426000	8	542	290	12985	165	101	37172	900
427000	21	513	279	12976	143	174	35746	809
428000	8	537	312	13031	86	109	36634	817
429000	7	508	269	13053	91	181	36322	807
430000	17	513	265	13027	143	141	37456	801
431000	12	532	285	13070	156	66	37182	442
432000	10	542	297	13067	90	81	35671	680
433000	8	503	298	13059	63	175	36890	674
434000	21	584	273	13049	57	88	35549	349
435000	11	545	281	13025	102	128	37125	561
436000	16	524	257	13034	106	120	37702	570
437000	17	473	253	13143	122	86	36315	546
438000	15	579	273	13076	78	30	36706	410
439000	9	538	247	13265	14	52	35893	233
440000	14	485	289	13204	35	50	36766	286
441000	5	569	253	13201	46	34	36507	179
442000	11	552	283	13103	81	27	36158	257
443000	9	475	285	13251	69	26	37606	201
444000	14	549	266	13215	48	18	37889	230
445000	11	552	254	13238	21	13	37402	51
446000	7	490	283	13263	23	20	36713	122
447000	14	557	277	13220	4	19	37704	43
448000	8	555	278	13243	3	10	37345	21
449000	11	570	259	13233	0	0	37252	21
450000	6	546	283	13156	98	2	36360	190
451000	14	549	307	13095	103	56	36751	441
452000	8	510	264	13255	24	19	36469	100
453000	15	552	293	13214	7	20	37333	51
454000	11	558	262	13249	32	12	35894	135
455000	13	563	238	13241	17	18	35487	88
456000	13	569	268	13234	3	7	38171	25
457000	13	589	284	13187	5	8	37443	21
458000	12	562	258	13278	4	0	39045	5
459000	8	551	257	13284	0	0	39105	5
460000	12	508	271	13153	116	46	37079	415
461000	3	516	275	13188	45	48	38317	173
462000	10	492	296	13245	17	40	38004	258
463000	12	556	272	13205	37	10	36233	200
464000	12	508	281	13276	19	9	37091	93
465000	16	483	286	13306	0	21	36552	38
466000	15	551	256	13279	1	20	36586	74
467000	8	535	281	13176	83	53	35668	304
468000	16	531	252	13219	56	38	37694	246
469000	8	481	258	13229	59	85	36673	405
470000	22	544	275	13082	98	53	36203	388
471000	14	588	233	13126	113	22	36317	316
472000	16	532	286	13222	16	19	35803	91
473000	17	551	257	13165	13	73	36063	279
474000	12	554	291	13086	44	94	35980	189
475000	19	490	287	13172	47	38	37036	285
476000	9	549	273	13195	42	75	35482	301
477000	8	527	259	13181	41	69	35978	358
478000	8	527	286	13154	67	52	37585	316
479000	7	517	271	13172	59	87	37948	373
480000	12	498	232	13281	45	59	37733	300
481000	5	604	267	13163	10	47	37094	192
482000	9	520	281	13201	24	50	38365	210
483000	8	563	286	13236	1	13	37407	19
484000	11	495	270	13353	0	0	36274	3
485000	16	569	244	13096	153	23	36857	479
486000	14	569	230	13139	111	37	36755	602
487000	14	517	240	13262	59	32	36292	407
488000	10	503	287	13234	27	34	37531	209
489000	9	528	264	13176	45	63	37186	173
490000	14	539	249	13246	47	23	35701	275
491000	11	519	269	13196	66	12	37151	127
492000	9	553	289	13191	38	20	35701	92
493000	16	489	291	13220	10	47	36837	174
494000	13	508	264	13316	1	21	37955	38
495000	13	563	265	13282	0	3	37358	21
496000	10	505	266	13188	114	0	36751	146
497000	13	493	281	13175	70	66	37279	355
498000	18	541	266	13208	55	25	36193	229
499000	5	495	245	13261	41	43	37648	258
