0	0	0	0	14400	0	0	0	0
1000	80	489	2042	10390	51	24	36210	201
2000	96	400	2174	10135	124	28	35793	424
3000	157	417	2462	9717	35	3	34854	108
4000	107	397	2184	10244	1	0	35497	43
5000	103	370	2441	9772	75	0	35128	237
6000	109	390	2445	9848	23	20	33569	295
7000	107	403	2378	9737	162	51	34508	413
8000	106	465	2105	10111	72	143	35107	581
9000	96	457	2441	9673	65	186	34714	688
10000	81	521	2345	9801	18	64	35557	336
11000	92	367	2507	9545	87	125	35296	675
12000	115	399	2598	9411	88	177	34121	769
13000	95	392	2619	9438	104	131	33115	725
14000	145	357	2651	9282	118	163	34000	980
15000	118	313	2933	8820	222	133	32916	1244
16000	107	351	2605	8817	641	111	33044	1976
17000	206	369	2651	8268	837	305	30665	3650
18000	87	389	2411	8313	1159	459	30850	4477
19000	134	404	2505	7806	1503	428	29114	5140
20000	178	374	2754	7484	1443	373	31261	5345
21000	143	361	2753	7821	1038	452	30269	4449
22000	171	379	2562	7971	944	658	29960	3984
23000	140	393	2152	8317	1290	706	30084	6112
24000	133	349	2455	8002	1406	461	30523	5354
25000	146	339	2862	7817	876	513	29649	4271
26000	167	321	2296	7811	832	1431	29581	5912
27000	119	365	2191	7917	1203	1145	31065	6400
28000	137	345	2266	7598	1628	917	27879	6885
29000	160	280	2074	7271	2190	1080	27039	9203
30000	175	297	2324	6789	2332	935	26157	9719
31000	165	349	2541	7308	1740	665	27263	7871
32000	166	287	2264	7335	2139	673	26926	8119
33000	179	353	2462	7298	1642	779	27114	7258
34000	133	413	2374	7529	1315	1021	27968	7226
35000	181	383	2525	6646	1945	1090	25489	8084
36000	126	353	2295	6971	2106	968	26129	9597
37000	186	349	2548	7113	1731	762	27618	7700
38000	166	406	2390	7553	1520	815	29031	6070
39000	152	465	2441	7909	948	852	28593	5416
40000	151	359	2469	7657	1042	1107	29594	6391
41000	116	396	2410	7676	1094	1129	29686	6826
42000	103	415	2299	7995	1191	810	29774	6531
43000	136	408	2071	9040	804	480	30308	4700
44000	115	299	3048	8058	562	240	32894	2681
45000	137	380	2237	9204	632	283	31862	2727
46000	124	355	2591	8999	492	220	32500	2211
47000	106	393	2382	8892	688	383	32001	2922
48000	135	384	2179	9294	735	279	32778	3208
49000	136	470	2343	8650	697	579	32221	3636
50000	135	319	2450	8651	774	505	30994	3862
51000	156	437	2687	7808	948	547	31003	4178
52000	107	396	2427	8621	778	530	30393	3999
53000	84	295	2546	8902	490	504	33289	2964
54000	133	437	2786	8209	598	428	32055	2739
55000	127	367	2416	9087	539	294	33963	2205
56000	206	378	2415	8739	665	385	33213	2598
57000	110	383	2166	9272	669	354	32769	3482
58000	110	427	2420	8949	286	654	33730	2636
59000	127	370	2269	8318	1023	762	31923	4639
60000	113	321	2017	9039	812	816	31876	4412
61000	108	372	2426	8079	1016	746	30600	5752
62000	116	498	2157	8247	1124	921	29631	5480
63000	99	434	2273	8235	1218	620	28831	5616
64000	95	359	2082	8644	1250	532	31046	4577
65000	138	404	2195	8186	1473	612	28424	6476
66000	150	318	2370	7188	2100	746	27527	7574
67000	150	300	2383	7558	1889	490	28541	7511
68000	147	307	2618	6705	1904	991	27400	7888
69000	194	287	2527	6446	2589	649	26576	8946
70000	207	268	2306	6951	2344	694	27430	8651
71000	176	308	1983	7037	2691	826	25988	9352
72000	167	357	2588	6918	1786	851	26867	7378
73000	199	238	2710	5832	2691	904	25415	9471
74000	210	322	2487	6750	2449	507	26791	8424
75000	198	336	2996	6557	1528	724	27517	6472
76000	162	349	2686	6671	1584	1167	26858	7471
77000	144	390	2332	7712	1281	1000	27922	6938
78000	183	353	2869	7321	1125	627	29476	5073
79000	184	293	2675	8117	1096	303	30740	4163
80000	182	427	2660	8171	785	384	32041	4203
81000	107	400	2390	8787	655	500	31281	3538
82000	112	414	2181	9137	594	553	31776	3317
83000	119	490	2148	9129	673	444	32878	3360
84000	131	304	2506	8687	547	586	32411	3201
85000	90	404	2263	9267	439	420	33134	2938
86000	86	380	2257	9476	365	387	33275	1898
87000	109	291	2486	9386	244	187	33147	1707
88000	100	373	2430	9597	227	132	35219	889
89000	181	503	2400	9607	24	68	34684	201
90000	91	483	2383	9737	0	60	35299	328
91000	78	533	2544	9344	101	131	34273	747
92000	79	411	2608	9431	109	63	34314	477
93000	100	372	2637	9566	2	8	34655	144
94000	147	352	2563	9645	0	0	35468	7
95000	94	421	2398	9952	13	4	35248	68
96000	105	395	2361	10052	0	0	35298	1
97000	88	376	2467	9788	98	24	34579	349
98000	103	361	2373	10080	0	16	35830	159
99000	110	447	2340	10009	1	18	36588	99
100000	91	330	2526	9898	0	0	35579	7
101000	107	366	2403	9831	115	7	34692	443
102000	111	376	2694	9363	59	10	33831	498
103000	115	374	2441	9781	17	85	35589	305
104000	155	289	2467	9792	39	26	35727	322
105000	143	367	2354	9936	7	45	35447	163
106000	65	426	2345	9886	10	127	34755	283
107000	166	376	2820	9187	1	4	35407	62
108000	125	387	2471	9761	0	0	35765	1
109000	79	387	2325	10116	1	13	34851	122
110000	95	386	2315	10158	29	0	37077	4
111000	73	391	2423	9983	0	0	37293	1
112000	150	427	2776	9147	28	20	35237	100
113000	117	388	2772	9306	19	22	34459	152
114000	66	491	2219	10152	0	0	35704	3
115000	102	554	2222	10096	0	0	34967	45
116000	84	397	2265	10072	124	0	36225	187
117000	54	344	2514	9877	0	0	35901	63
118000	141	436	2738	9274	0	0	35528	2
119000	167	407	2345	9858	0	0	34521	23
120000	171	404	2490	9522	104	11	35768	310
121000	122	320	2727	9002	146	251	33993	893
122000	127	433	2699	8654	354	327	34086	1488
123000	86	381	2279	9220	420	465	32515	2356
124000	98	382	2756	8626	290	464	34143	2364
125000	119	472	2325	8931	575	463	32094	2938
126000	123	378	2464	8482	854	443	31524	4228
127000	137	344	2495	8380	876	508	31306	3545
128000	117	398	2504	8677	733	316	31745	3006
129000	101	411	2383	9192	504	277	32713	2524
130000	99	374	2500	9378	202	179	33909	1517
131000	124	345	2597	9239	184	136	33950	1027
132000	120	464	2473	9445	275	61	33455	685
133000	222	395	2579	8874	281	241	33152	1626
134000	105	446	2266	9781	140	223	34805	1098
135000	124	363	2498	9486	160	169	34547	1116
136000	161	544	2194	9837	39	124	33553	553
137000	71	439	2300	10054	0	3	35526	47
138000	80	307	2467	9757	113	62	34464	331
139000	79	402	2441	9804	43	1	36455	189
140000	104	449	2408	9820	21	3	35578	92
141000	114	404	2801	9179	27	4	35672	47
142000	138	424	2657	9397	0	0	34864	5
143000	95	475	2391	9795	19	9	36348	61
144000	148	482	2654	9435	0	0	35931	13
145000	105	458	2855	9164	0	7	35687	90
146000	101	389	2433	9746	106	0	35082	0
147000	92	519	2483	9676	0	0	35267	28
148000	128	332	2538	9669	119	0	34179	0
149000	144	565	2286	9906	0	0	33906	4
150000	126	431	2676	9337	13	0	34962	190
151000	118	468	2626	9433	0	0	34768	2
152000	128	337	2585	9458	159	22	35317	560
153000	101	424	2438	9836	53	5	36326	235
154000	139	420	2296	9794	157	54	34606	622
155000	144	470	2435	9824	8	1	34261	121
156000	86	456	2393	9781	94	36	35684	304
157000	115	386	2585	9641	23	1	35106	165
158000	94	448	2725	9411	0	0	33917	1
159000	196	435	2638	9152	171	34	34832	262
160000	115	411	2742	9051	223	97	32712	795
161000	138	384	2381	9341	445	69	35128	1405
162000	115	404	2250	9733	302	133	34181	1466
163000	94	357	2022	10397	52	119	34739	769
164000	94	439	2447	9810	57	9	35788	326
165000	115	361	2807	9224	1	26	35811	82
166000	66	377	2539	9757	0	0	34190	31
167000	133	469	2239	9958	171	1	35955	247
168000	111	480	2301	9919	107	10	33934	220
169000	128	379	2543	9298	213	159	35939	922
170000	112	403	2469	9272	370	266	34422	1485
171000	98	433	2176	9664	362	262	34009	2170
172000	117	391	2848	8829	304	44	33891	1284
173000	137	360	2582	9331	218	130	35328	1077
174000	81	425	2083	10099	192	122	35327	1056
175000	69	419	2105	10298	110	23	34674	347
176000	95	442	2008	10381	173	15	34790	435
177000	120	372	2400	9816	72	11	36802	213
178000	88	427	2292	9961	153	51	34977	451
179000	47	458	2383	9913	56	26	35278	281
180000	117	413	2578	9521	0	0	34493	22
181000	119	423	2570	9599	46	11	34969	204
182000	118	405	2376	9837	0	0	35679	2
183000	142	411	2666	9341	30	14	37123	242
184000	136	375	2539	9542	71	0	33910	162
185000	122	367	2429	9859	27	5	37701	171
186000	117	499	2317	9879	76	27	34504	323
187000	115	425	2463	9694	26	22	34517	319
188000	101	392	2487	9808	0	11	34994	14
189000	109	340	2423	9857	20	22	34711	263
190000	130	405	2705	9187	110	0	34297	143
191000	110	366	2591	9472	67	58	33477	302
192000	95	377	2524	9772	62	21	36479	221
193000	97	402	2484	9786	0	1	35685	19
194000	111	378	2666	9417	81	0	34003	0
195000	76	362	2263	10186	49	0	35601	181
196000	78	439	2558	9702	0	0	33885	3
197000	112	481	2310	9906	69	27	34160	412
198000	70	370	2604	9623	41	7	36855	365
199000	93	398	2290	10154	0	0	36858	39
200000	128	396	2354	10011	0	0	36005	9
201000	113	442	2137	10186	14	5	36092	88
202000	86	389	2359	9926	97	0	35848	0
203000	104	442	2421	9780	14	56	33804	214
204000	120	415	2412	9691	70	93	35079	359
205000	109	396	2387	9946	33	2	34663	213
206000	110	436	2610	9542	0	19	36268	128
207000	71	443	2236	10190	0	0	35382	6
208000	92	382	2306	10154	11	20	35255	279
209000	97	379	2293	10086	1	1	36481	38
210000	130	368	2467	9750	73	0	36968	85
211000	110	433	2240	10065	23	54	34315	226
212000	93	399	2328	9969	3	64	36359	241
213000	105	470	2287	9878	103	44	34603	386
214000	145	311	3015	8879	0	26	35704	120
215000	92	390	2689	9510	0	9	34970	24
216000	77	415	2182	10225	9	71	35272	94
217000	128	449	2720	9314	8	5	32835	120
218000	135	438	2792	9183	0	0	33621	1
219000	100	428	2234	10187	3	6	35165	19
220000	107	419	2482	9807	0	0	34128	1
221000	114	392	2450	9830	4	5	35857	101
222000	115	428	2885	9082	0	0	35077	5
223000	105	350	2444	9875	53	14	37622	305
224000	103	376	2408	9819	94	67	36117	409
225000	60	401	2450	9959	1	46	36286	287
226000	89	433	2099	10417	0	1	36032	109
227000	95	364	2367	10037	0	0	36370	2
228000	142	393	2461	9723	55	1	34722	228
229000	116	361	2482	9826	0	0	36824	12
230000	129	348	2304	9999	59	0	35802	131
231000	85	360	2846	8954	241	19	34342	416
232000	124	428	2411	9315	198	402	33474	1422
233000	110	399	2612	9075	341	93	33975	1393
234000	77	344	2380	9655	123	228	33915	963
235000	81	427	2452	9348	337	219	34487	1291
236000	73	376	2325	9213	552	350	33368	2060
237000	112	365	2345	8948	827	276	32366	3832
238000	119	397	2412	9046	634	224	32480	2908
239000	148	380	2276	9402	516	130	33829	2126
240000	92	442	2322	9453	336	203	34544	1526
241000	102	448	2478	9300	305	145	33566	1060
242000	137	412	2402	9434	160	261	32958	1656
243000	123	540	2175	9804	60	303	33974	1053
244000	134	365	2436	9637	82	167	35057	1061
245000	66	461	2260	9956	151	100	34310	667
246000	109	419	2363	9780	66	151	34046	563
247000	106	372	2368	9776	66	171	34260	787
248000	114	378	2370	9814	58	65	34895	503
249000	100	387	2293	10057	29	38	35958	363
250000	84	520	2333	9770	57	104	36051	423
251000	84	379	2407	9677	96	226	34932	603
252000	114	426	2248	9999	87	55	35087	446
253000	88	385	2331	9698	292	47	36089	887
254000	114	382	2772	8595	679	107	33022	2044
255000	167	342	2990	7561	970	313	32508	3841
256000	117	381	2650	8354	800	425	31645	3580
257000	148	407	2496	8818	560	246	31110	2484
258000	133	355	2217	9305	653	343	32980	3168
259000	147	337	2343	8869	694	414	32773	3117
260000	136	356	2747	8416	393	503	32643	2743
261000	135	410	2473	8694	745	381	30853	3078
262000	123	328	2590	8674	742	257	33913	2890
263000	96	517	2326	9402	353	197	32594	1936
264000	124	433	2566	9158	296	160	33172	1793
265000	104	440	2317	9339	429	197	33998	1597
266000	105	364	2505	8883	548	365	33412	2356
267000	92	458	2282	9598	323	212	33639	1844
268000	120	387	2350	8963	912	127	33576	2613
269000	162	292	2633	8525	819	181	32353	2997
270000	132	305	3054	7867	821	325	31848	3080
271000	169	402	2514	8253	767	602	31581	3767
272000	190	365	2726	7909	807	634	31218	3777
273000	157	366	2474	8103	952	740	30395	4703
274000	133	414	2429	7534	1255	1147	28475	6067
275000	182	286	2659	7255	1583	717	28846	7174
276000	183	318	2358	7233	2078	544	28529	6784
277000	173	307	2247	7209	2136	851	26826	7353
278000	261	295	2307	6319	2507	1118	24840	10622
279000	190	297	2346	7038	1844	1162	25953	10051
280000	180	351	2453	7430	1737	596	28310	6835
281000	160	414	2195	7861	1492	762	28458	6111
282000	190	360	2192	7796	1512	885	28545	7221
283000	138	419	2348	7686	1067	1175	29941	5430
284000	121	391	2327	7763	1450	844	27882	6713
285000	147	395	2666	7395	1480	577	28977	5905
286000	154	374	2510	6877	2232	567	28337	8302
287000	163	290	2478	6830	2333	615	27854	8456
288000	172	333	2300	6516	2614	892	27271	8879
289000	246	218	2290	6459	2845	801	26092	9476
290000	244	332	2521	5987	2953	608	24326	10840
291000	233	298	2561	5863	2924	767	25625	10474
292000	151	347	2086	6221	2850	1389	24201	11665
293000	162	263	2216	6188	2870	1196	23472	12502
294000	193	240	2387	5737	2956	1266	23505	12223
295000	188	326	2491	5431	3048	1207	23230	12519
296000	195	291	2240	5846	3073	1288	22682	12766
297000	203	311	2617	6153	2343	1049	24562	10694
298000	202	299	2217	5809	2732	1586	24182	11873
299000	163	328	2275	5549	3023	1461	21510	12414
300000	215	292	2332	5985	2642	1429	22583	12338
301000	232	340	2250	6205	2398	1378	24143	11315
302000	222	363	2155	5819	2973	1353	22177	12428
303000	209	280	2490	5640	2709	1359	24123	11026
304000	258	349	2244	6045	2714	1215	24268	11742
305000	151	327	2072	6462	2656	1334	23921	12165
306000	228	355	2429	6108	2351	1202	24654	10519
307000	246	384	2443	6193	2537	909	24818	9202
308000	248	278	2611	6393	2490	586	26015	7702
309000	201	293	2688	6797	1804	788	26813	7329
310000	186	335	2510	6763	2134	853	26512	8635
311000	159	309	2302	7408	1649	1080	27714	8100
312000	104	391	2347	7745	1413	834	29541	6534
313000	176	411	1973	7751	1771	981	28673	7268
314000	204	265	2488	7312	1459	989	26998	7792
315000	89	494	2299	7412	1900	791	28807	6712
316000	149	271	2745	6642	1737	1085	27260	8234
317000	140	421	2263	6768	1915	1364	25493	10022
318000	147	335	2625	6920	1688	983	26782	8241
319000	161	315	2310	7967	1393	700	28649	6087
320000	153	347	2162	8175	1107	1007	30127	6136
321000	108	343	2254	8301	1070	787	31189	6163
322000	136	401	2308	7999	1239	792	31214	5387
323000	168	395	2435	7457	1327	1005	28134	6670
324000	151	454	2250	7874	1330	864	29924	6820
325000	110	336	2263	7583	1561	1015	29077	7011
326000	159	327	2496	7346	1545	889	27122	7217
327000	199	348	2677	6323	2047	997	26783	9217
328000	173	268	2511	6486	2261	1054	26242	10015
329000	134	322	2525	7508	1415	876	28338	7249
330000	148	373	2340	7244	1696	1016	28309	6667
331000	173	383	2197	8042	1506	699	28366	6531
332000	158	360	2267	8046	1349	689	30106	6407
333000	131	365	2325	7926	1358	835	29566	5664
334000	108	257	2377	7978	1254	873	28750	5914
335000	161	317	2485	7704	1466	586	30763	5556
336000	188	363	2488	8031	1228	432	31159	4475
337000	123	352	2707	8441	681	322	30487	2957
338000	169	348	2876	8226	523	282	31057	2639
339000	151	410	2347	8848	717	390	31847	3120
340000	93	362	2624	8188	948	396	32131	3708
341000	167	380	2720	7922	1034	427	31494	3976
342000	163	347	2724	7922	1169	343	30064	4785
343000	135	372	2791	8117	784	401	30862	3980
344000	129	369	2535	8622	653	381	31993	2690
345000	159	449	2566	8060	907	514	31116	4243
346000	175	385	2880	7450	966	627	30383	4449
347000	134	370	2422	7886	1393	602	29455	5154
348000	117	394	2686	8333	569	622	32400	3442
349000	177	352	2783	8376	450	239	32935	2085
350000	128	357	2753	8145	822	354	31877	2756
351000	117	449	2378	8940	538	412	32354	2669
352000	153	391	2320	9201	566	303	34204	2106
353000	129	415	2327	9203	685	101	32159	1935
354000	124	312	2709	8339	1006	170	32237	3229
355000	197	358	2718	8538	603	169	31577	2635
356000	144	442	2442	9026	481	311	31889	1859
357000	111	381	2655	8762	360	355	32148	2059
358000	107	480	2519	9368	232	74	34801	1029
359000	131	390	2785	8913	140	193	35497	870
360000	102	438	2459	9585	164	83	33737	934
361000	83	394	2616	9337	168	56	33724	804
362000	102	454	2490	9567	172	19	34303	517
363000	81	438	2263	9986	143	44	34870	656
364000	94	432	2132	10194	31	32	36278	271
365000	89	466	2211	10092	74	58	34800	317
366000	135	424	2151	10244	35	1	34311	261
367000	118	426	2461	9685	6	4	35365	67
368000	111	461	2369	9855	0	0	36163	7
369000	154	417	2542	9626	1	0	34536	67
370000	108	406	2816	9176	45	0	35478	134
371000	113	431	2508	9614	28	0	34360	78
372000	107	478	2598	9581	29	0	35516	176
373000	51	418	2444	9868	26	59	33861	297
374000	98	442	2429	9858	30	25	35010	147
375000	103	417	2397	9949	0	0	35983	11
376000	95	425	2392	9844	22	27	35790	285
377000	103	386	2468	9785	17	39	36989	227
378000	110	456	2945	8954	47	0	33978	126
379000	116	443	2721	9213	50	128	33497	450
380000	76	388	2345	9598	201	227	34048	1186
381000	102	387	2699	8989	199	218	33190	1231
382000	122	411	2362	9582	278	90	35940	991
383000	136	378	2469	9564	274	24	34350	1046
384000	90	417	2662	9279	126	32	35547	508
385000	127	373	2951	8563	386	70	34221	1221
386000	151	427	2614	8852	358	336	34204	1846
387000	104	293	2638	8851	474	287	32970	2040
388000	107	379	2409	9067	455	390	33106	2469
389000	103	337	2409	9144	530	214	33424	2101
390000	161	373	2287	9710	360	30	35390	880
391000	93	409	2231	9561	622	46	33168	1420
392000	154	438	2472	9157	473	73	33846	1608
393000	95	393	2618	9250	165	200	32921	1324
394000	109	376	2424	9703	179	103	35145	948
395000	99	411	2857	8935	222	58	32428	1008
396000	121	369	2622	9208	241	170	34188	931
397000	124	394	2592	8951	393	205	34767	1623
398000	144	348	2440	9377	339	84	34564	1323
399000	65	450	2521	9221	375	66	33996	1258
400000	126	278	2303	9848	294	69	34371	1032
401000	119	452	2407	9546	206	31	34772	628
402000	120	442	2511	9504	199	51	33357	704
403000	91	360	2247	9759	231	264	35243	1055
404000	75	321	2930	8760	176	215	32902	1607
405000	78	349	2057	10050	268	159	34135	1192
406000	111	392	2565	9510	164	35	36232	598
407000	122	375	2562	9550	17	58	35117	193
408000	79	415	2406	9769	20	155	35008	489
409000	96	406	2195	10210	40	41	35781	358
410000	135	386	2563	9509	73	0	35122	231
411000	129	394	2499	9493	102	52	34437	217
412000	113	487	2485	9316	115	204	34271	680
413000	121	411	2230	9980	144	52	35029	570
414000	104	339	2355	9862	286	15	34670	827
415000	108	411	2594	9229	291	74	33633	1025
416000	124	467	2749	9091	27	103	33484	387
417000	93	407	2446	9836	61	10	34302	76
418000	104	444	2224	10083	70	17	35874	236
419000	107	496	2249	10087	4	18	35399	125
420000	109	433	2590	9526	17	32	34635	73
421000	104	383	2377	10004	12	0	36173	60
422000	84	417	2565	9648	25	4	35507	86
423000	119	376	2662	9522	8	0	36072	104
424000	69	461	2026	10513	27	0	35845	114
425000	74	336	2530	9720	44	0	36385	128
426000	128	388	2667	9381	71	27	33430	230
427000	96	466	2213	10265	0	0	34994	19
428000	91	479	2247	9987	131	17	36079	497
429000	46	453	2431	9589	320	24	35093	940
430000	101	424	2322	9621	369	39	34255	917
431000	110	272	2845	8861	398	64	33268	1313
432000	130	422	2521	9237	290	138	33965	1143
433000	56	385	2476	9669	147	59	35091	583
434000	112	408	2737	8965	275	99	33604	955
435000	128	345	2443	9438	231	188	34164	1322
436000	135	435	2694	9097	65	191	35103	767
437000	114	342	2481	9603	152	104	33924	817
438000	95	442	2367	9527	226	289	33357	1008
439000	94	452	2392	9394	350	199	34034	1473
440000	113	400	2476	9242	327	225	33452	1219
441000	116	418	2426	9466	362	75	34499	1274
442000	127	377	2403	9400	427	106	34381	1543
443000	80	408	2184	9721	222	295	33360	1614
444000	177	435	2527	9099	302	118	34027	1476
445000	120	445	2535	9406	159	36	34651	477
446000	128	460	2477	9505	212	35	34924	649
447000	149	372	2296	9558	310	151	33670	1270
448000	132	365	2395	9423	397	198	33578	1319
449000	95	381	2226	9648	385	153	33699	1432
450000	126	315	2596	9111	451	128	34186	1441
451000	182	451	2493	8764	608	226	32199	2199
452000	143	426	2516	8523	752	342	32609	3404
453000	205	377	3078	7846	637	145	31537	2544
454000	114	484	2477	9441	211	90	35140	980
455000	116	386	2527	9558	130	50	33574	456
456000	108	374	2673	9305	155	7	35161	382
457000	132	461	2631	9267	97	28	35052	541
458000	107	421	2593	9557	74	36	36909	189
459000	148	454	2851	9096	0	1	35030	17
460000	60	411	2317	10010	33	0	35135	103
461000	111	457	2460	9718	0	0	34496	22
462000	106	503	2545	9568	38	0	34424	211
463000	101	399	2399	9922	0	0	33585	1
464000	88	454	2287	9897	183	2	35358	302
465000	172	349	2884	9021	5	4	34614	180
466000	92	458	2372	9822	101	0	35694	186
467000	100	415	2564	9574	77	25	34342	187
468000	127	533	2357	9711	75	65	34729	426
469000	117	486	2855	8804	173	86	33401	825
470000	107	455	2217	10070	58	108	34129	728
471000	117	473	2057	10202	28	184	36341	428
472000	137	396	2460	9729	24	9	35433	151
473000	110	355	2585	9631	55	21	34827	357
474000	114	396	2362	9899	79	23	34452	266
475000	115	532	2626	9369	0	38	34586	185
476000	145	368	2772	9193	21	72	33950	233
477000	97	402	2638	9205	162	131	34043	680
478000	67	484	2082	10252	150	49	35457	1021
479000	113	463	2313	9787	173	24	35939	556
480000	118	389	2631	9552	23	67	34487	307
481000	101	360	2767	9233	158	30	34845	563
482000	99	458	2751	9230	0	0	33854	34
483000	118	362	2320	10096	0	0	37099	1
484000	96	399	2221	10039	126	25	34867	353
485000	111	420	2616	9368	136	56	34409	476
486000	109	442	2452	9701	96	9	34335	272
487000	107	391	2634	9560	21	31	34808	267
488000	106	429	2498	9752	6	39	34227	167
489000	118	396	2842	9137	0	0	34998	1
490000	116	453	3113	8569	0	0	34837	40
491000	115	364	2802	9252	46	5	33975	239
492000	107	386	2385	9880	12	0	35357	68
493000	90	360	2365	10051	32	0	35463	123
494000	80	502	2105	10318	0	13	35271	17
495000	114	461	2273	10081	0	0	36216	18
496000	85	451	2417	9830	100	5	33849	423
497000	126	338	2364	9939	20	0	35743	118
498000	76	366	2631	9611	43	1	35059	113
499000	84	466	2402	9707	98	8	35076	375
