0	0	0	0	14400	0	0	0	0
1000	67	846	776	12074	53	6	21138	140
2000	73	879	800	11938	25	34	21100	99
3000	55	873	794	12004	18	63	22364	210
4000	52	964	849	11868	3	66	20614	93
5000	63	810	823	12016	14	8	21961	116
6000	79	886	761	12065	5	12	21243	26
7000	73	840	772	12071	36	1	20683	202
8000	46	814	805	12126	0	0	22384	1
9000	51	873	809	11903	68	32	21817	186
10000	52	839	831	12006	19	6	21686	79
11000	56	926	848	11884	4	29	22188	79
12000	67	862	882	11798	123	3	20970	93
13000	48	888	720	12042	83	91	21420	206
14000	67	876	703	12018	83	107	21595	411
15000	53	723	865	11886	81	136	21479	412
16000	60	770	760	11912	147	155	20913	418
17000	69	863	789	11883	73	87	20727	393
18000	42	831	833	11897	96	65	20531	414
19000	63	792	895	11938	30	14	21866	183
20000	74	950	904	11741	115	11	20698	175
21000	72	796	736	12067	66	38	21761	160
22000	74	936	801	11845	116	28	21389	217
23000	72	900	849	11937	46	4	21900	52
24000	42	917	755	12039	42	14	21215	29
25000	60	762	956	11948	7	0	21031	7
26000	55	805	808	12044	89	4	22167	97
27000	68	967	769	11902	31	46	20831	101
28000	68	870	804	11935	64	13	21881	124
29000	63	862	758	12104	15	0	21919	28
30000	39	883	808	12063	9	2	22694	20
31000	50	780	894	11992	1	0	22554	7
32000	56	828	905	11756	168	22	20941	267
33000	65	826	830	11676	214	131	20427	764
34000	55	816	737	11788	290	143	21545	608
35000	61	843	835	11617	222	215	20377	844
36000	59	747	868	11787	156	136	21050	548
37000	70	915	827	11635	130	228	21570	587
38000	75	867	779	11730	122	234	20503	567
39000	63	811	804	11745	152	204	21072	652
40000	62	771	812	11720	281	152	21167	889
41000	68	793	778	11770	261	117	21082	457
42000	83	972	868	11546	157	161	20844	552
43000	52	877	846	11794	87	86	21988	327
44000	67	838	811	11870	50	129	21568	385
45000	57	857	738	11972	34	121	20442	301
46000	99	845	815	11895	28	88	20836	101
47000	54	900	823	11764	146	91	20832	337
48000	70	839	738	12027	114	53	21370	202
49000	91	927	801	11777	164	42	20695	301
50000	61	827	885	11897	92	12	22546	156
51000	56	865	878	11833	75	20	20525	258
52000	95	875	800	11871	85	52	21259	226
53000	46	790	759	12136	65	50	20918	196
54000	53	902	782	11953	32	53	21228	161
55000	43	900	752	11953	69	105	21229	332
56000	46	856	859	11870	34	132	21855	186
57000	78	710	786	12071	32	64	20808	212
58000	38	807	768	12167	35	8	21899	152
59000	85	855	738	11998	126	11	21175	206
60000	65	977	817	11866	41	23	21302	91
61000	56	926	750	12104	19	1	22324	34
62000	65	914	891	11745	128	21	20753	255
63000	37	863	757	11901	161	86	20893	168
64000	62	768	877	11680	211	109	21811	630
65000	71	1022	841	11662	128	58	20831	339
66000	66	901	785	11863	91	66	21370	307
67000	67	806	806	12023	72	33	20781	118
68000	77	1027	887	11646	33	72	19990	245
69000	64	806	746	12124	67	28	20380	148
70000	72	934	765	11907	114	38	21057	193
71000	76	803	816	11960	124	23	20971	310
72000	63	848	808	11918	138	26	21678	309
73000	69	832	790	11990	72	37	22037	226
74000	59	896	944	11682	101	73	21207	300
75000	47	807	796	11995	84	70	22029	259
76000	62	916	858	11875	1	74	20667	126
77000	79	899	794	11995	30	10	20756	46
78000	81	909	902	11849	7	9	20629	21
79000	42	821	721	12259	14	0	22271	18
80000	61	826	894	11972	0	1	21370	5
81000	39	727	750	12195	124	7	22712	150
82000	55	891	790	11941	50	71	20768	248
83000	42	765	787	12080	43	62	22454	187
84000	59	830	857	11877	68	44	22251	171
85000	63	849	888	11750	65	124	21552	209
86000	54	767	792	11915	139	135	20410	403
87000	58	852	856	11660	205	137	20577	620
88000	69	941	773	11641	242	145	21503	728
89000	79	876	887	11694	95	122	21276	532
90000	63	835	800	11813	159	139	20811	536
91000	51	844	782	11893	165	37	21726	455
92000	66	882	881	11673	189	41	21151	232
93000	80	790	879	11463	375	146	20908	741
94000	97	734	860	11518	196	299	21815	834
95000	63	802	791	11755	177	242	21474	491
96000	61	769	795	11839	129	137	20530	740
97000	42	844	783	11849	171	132	21184	418
98000	59	777	761	11680	397	159	20345	1016
99000	45	834	847	11180	627	255	21089	1296
100000	98	832	825	11182	529	330	19484	1570
101000	61	909	729	11152	585	425	19725	1458
102000	104	826	764	10791	619	671	19925	2317
103000	65	768	769	10868	707	574	20705	2285
104000	84	818	802	10748	754	581	19331	2173
105000	95	885	800	10432	906	668	18545	2723
106000	76	832	758	10646	769	722	19192	2645
107000	67	796	821	10203	920	958	18300	3213
108000	107	762	772	10167	914	1094	18854	3210
109000	85	748	692	10256	1115	958	17525	3988
110000	92	773	743	10429	942	844	18531	3176
111000	100	884	818	10444	779	725	18961	2698
112000	67	741	829	10930	469	751	20237	1772
113000	77	711	860	10764	684	632	20029	2494
114000	63	868	778	11119	574	415	20960	1590
115000	53	832	865	11158	507	370	20731	1538
116000	93	804	753	11139	544	444	19363	1437
117000	75	843	741	11202	434	516	19907	1680
118000	75	809	773	11160	517	440	20791	1857
119000	49	872	825	11213	548	283	19020	1164
120000	65	815	774	11595	275	295	21704	1012
121000	68	886	842	11253	270	476	19772	1303
122000	66	805	752	11455	384	343	20867	1140
123000	83	784	901	11321	342	327	20626	1341
124000	62	739	742	11779	230	315	21047	744
125000	50	794	800	11636	241	322	21331	938
126000	70	780	837	11584	203	233	20790	674
127000	71	907	840	11580	160	235	21109	715
128000	58	845	819	11698	219	106	20875	548
129000	64	854	826	11281	402	302	20222	1176
130000	67	805	803	11427	403	238	21779	863
131000	84	862	820	10985	646	406	19070	1413
132000	62	778	845	11199	556	349	19586	1557
133000	87	802	783	11234	495	343	20018	1509
134000	87	784	870	11168	547	290	19992	1716
135000	66	911	772	11217	560	309	20375	1645
136000	68	811	786	10603	903	609	19027	2725
137000	69	785	745	10616	981	592	19823	2698
138000	72	707	804	10852	741	608	20012	2099
139000	77	787	723	10936	869	445	18528	2050
140000	77	777	839	10783	722	531	18777	2100
141000	75	839	890	10535	817	622	20771	2344
142000	85	845	855	10530	860	609	19376	2680
143000	72	755	880	10564	777	691	19729	2575
144000	76	853	794	10560	787	682	19065	2514
145000	70	815	857	10516	698	823	18997	2433
146000	95	894	775	10273	724	1069	19892	2750
147000	63	809	789	10528	776	832	18829	2608
148000	77	752	698	10746	752	826	20409	2653
149000	98	675	748	10378	1057	856	19814	2780
150000	58	830	818	10087	979	1009	18128	2796
151000	92	702	773	10408	1025	802	19698	3054
152000	98	851	795	10584	863	590	18613	2711
153000	105	838	881	10352	910	659	19336	2342
154000	83	794	821	10617	889	586	19189	2628
155000	89	807	757	10675	860	623	19833	3051
156000	89	823	769	10806	670	635	19641	2260
157000	89	800	819	10213	1108	699	17586	3202
158000	67	683	685	10591	948	842	19677	3628
159000	93	782	806	10140	965	983	18148	3319
160000	99	748	767	10359	1015	798	18421	2800
161000	80	779	787	10267	912	908	19362	3500
162000	135	755	788	10092	1226	746	18509	3507
163000	85	722	794	10260	1172	674	19002	3255
164000	104	803	849	10223	1070	698	18794	2677
165000	92	848	785	10555	906	570	19341	3022
166000	73	816	767	10517	886	750	19536	2475
167000	97	655	750	10181	1227	895	18834	3390
168000	87	803	723	10286	964	962	18185	3690
169000	81	739	792	10639	697	798	18913	2820
170000	101	856	790	10592	612	802	18739	2404
171000	92	811	822	10599	578	887	18162	2281
172000	75	806	767	10702	650	764	19729	2102
173000	78	820	826	10455	819	776	18707	2239
174000	52	709	808	10911	704	629	19739	2455
175000	97	764	805	10895	691	534	19176	2042
176000	60	839	699	11134	441	638	18523	1680
177000	80	834	791	11305	362	416	19110	1310
178000	66	801	760	11429	410	333	20560	1055
179000	66	919	738	11224	430	430	20344	1476
180000	81	796	774	11087	577	452	19603	1695
181000	89	789	805	10767	791	556	20092	2345
182000	86	772	827	10452	1134	473	19363	2531
183000	87	784	835	10490	799	782	19560	2534
184000	77	715	852	10444	871	753	19193	3448
185000	68	845	813	10706	680	679	20767	2258
186000	101	756	830	10848	669	549	19252	2327
187000	85	806	830	10976	579	476	19340	1589
188000	98	886	928	11104	321	348	20282	1103
189000	69	863	825	11357	410	232	19986	1178
190000	72	821	868	11255	419	305	20153	1270
191000	88	941	823	11407	340	193	20491	871
192000	73	822	840	11574	270	229	20834	738
193000	88	841	921	11100	383	426	20588	1254
194000	67	858	866	11369	301	272	20503	945
195000	72	730	868	11536	294	266	20102	804
196000	68	864	776	11582	208	290	20459	912
197000	86	870	842	11336	241	340	20785	875
198000	62	894	842	11358	306	298	20436	843
199000	69	806	853	11433	339	242	21112	1048
200000	72	833	784	11358	402	309	20715	1384
201000	72	868	907	11226	356	274	21072	962
202000	77	835	797	11522	348	231	20542	1192
203000	74	787	795	11461	473	176	20742	1063
204000	73	810	839	11181	574	263	20155	1243
205000	72	749	766	11227	689	308	20565	1679
206000	64	834	751	11272	426	460	21014	1582
207000	70	846	891	11274	273	395	20680	829
208000	62	850	825	11387	205	438	20563	989
209000	58	915	758	11570	272	268	20562	897
210000	80	761	864	11487	342	173	21230	1016
211000	93	780	814	11364	412	271	20237	1202
212000	84	811	794	11312	457	272	20935	1199
213000	80	799	835	11274	488	284	21282	1246
214000	85	832	822	10995	586	434	19455	1446
215000	74	764	763	11009	626	658	19821	2278
216000	97	792	784	11157	546	410	19805	1587
217000	53	789	797	11114	594	391	21467	1694
218000	58	836	776	11198	455	509	18712	1642
219000	71	812	829	11329	376	383	21581	1072
220000	78	805	724	11448	393	375	19968	1395
221000	75	867	860	11200	376	353	20636	1287
222000	82	784	751	11337	466	405	20035	1613
223000	54	811	798	11586	273	286	21801	896
224000	75	862	850	11541	297	101	21088	664
225000	64	851	737	11884	192	93	21249	583
226000	98	891	781	11672	191	108	20979	576
227000	35	870	872	11843	108	54	21800	289
228000	69	863	835	11967	45	27	21138	72
229000	69	862	729	12145	15	0	21401	4
230000	58	878	821	11880	128	8	21821	220
231000	53	929	731	12034	72	9	21192	194
232000	58	940	781	12029	0	2	22441	29
233000	63	894	785	11937	121	16	21389	238
234000	75	988	922	11558	135	42	20831	141
235000	39	914	861	11784	73	88	20948	340
236000	73	798	760	11879	158	130	19995	421
237000	59	848	814	11879	154	48	21470	376
238000	63	830	901	11739	120	104	21456	260
239000	73	813	748	11919	121	181	20939	670
240000	113	883	947	11510	117	161	20270	546
241000	45	939	797	11656	171	183	21019	625
242000	75	892	815	11706	142	131	20401	465
243000	66	903	787	11724	265	45	21044	375
244000	41	829	797	12012	104	41	20612	253
245000	62	845	765	12034	66	36	21403	143
246000	76	930	804	11838	52	82	20889	170
247000	43	830	786	12157	17	0	21448	7
248000	65	832	883	11987	20	13	21413	116
249000	56	809	813	12098	0	0	21665	2
250000	56	855	795	11846	137	80	21338	289
251000	51	862	817	11930	130	15	22205	166
252000	48	812	828	12072	29	15	21628	14
253000	43	971	804	11956	0	0	21679	3
254000	64	763	848	11819	183	60	20877	216
255000	73	876	709	11824	223	162	21375	647
256000	43	940	832	11719	127	91	22000	409
257000	55	755	876	11686	224	158	20687	689
258000	83	802	691	11908	147	200	20618	698
259000	63	835	848	11510	278	205	20555	709
260000	56	831	655	11956	186	202	21927	570
261000	80	914	777	11569	369	98	20880	777
262000	79	899	764	11755	152	172	21306	652
263000	45	904	788	12035	45	14	21127	71
264000	55	881	824	11898	68	70	20618	149
265000	49	908	834	11911	43	57	21617	124
266000	74	802	793	12004	80	46	19230	246
267000	80	821	789	12010	37	55	21293	192
268000	45	824	792	11921	195	66	20425	347
269000	58	828	809	11721	296	69	20462	576
270000	56	958	805	11642	212	143	20758	567
271000	72	807	821	11575	226	309	20889	964
272000	66	805	810	11512	240	355	19932	999
273000	60	929	762	11425	297	332	19394	885
274000	68	876	806	11641	196	206	20734	991
275000	71	964	806	11736	143	90	20110	354
276000	45	736	773	12113	56	105	21577	302
277000	70	957	841	11810	39	88	20361	214
278000	76	922	783	11985	8	15	20909	28
279000	61	850	916	11698	145	59	21201	397
280000	76	845	935	11609	102	91	22198	457
281000	55	887	771	11944	71	73	21823	286
282000	94	950	789	11952	42	2	20062	61
283000	55	722	821	12160	3	16	20571	38
284000	75	822	858	11974	22	14	21417	50
285000	56	855	851	11971	0	3	21383	2
286000	63	926	690	12099	40	13	21263	72
287000	51	804	752	12201	6	5	21585	55
288000	89	838	916	11763	178	7	21598	220
289000	68	784	857	11917	68	39	21627	243
290000	65	894	868	11921	17	13	20983	84
291000	61	823	830	11958	76	28	21423	190
292000	52	807	766	12107	62	3	21050	131
293000	89	816	870	11801	6	104	20549	180
294000	45	892	711	12163	0	18	20532	37
295000	70	898	819	11822	139	32	20210	257
296000	43	830	779	12034	97	41	21047	155
297000	77	912	839	11801	117	53	21506	330
298000	62	872	771	11906	67	107	20908	274
299000	36	900	867	11904	40	17	20952	173
300000	50	877	752	12166	0	16	21021	18
301000	89	869	808	11946	24	32	21300	171
302000	57	871	813	12023	2	35	21649	22
303000	57	892	858	11929	16	29	21466	113
304000	65	929	816	11942	0	0	20831	4
305000	87	834	815	12031	18	6	21316	80
306000	71	816	867	11858	112	5	21416	192
307000	42	873	773	11948	45	84	21166	171
308000	56	815	847	11925	63	76	20968	327
309000	64	775	824	12070	49	30	21001	103
310000	63	855	812	12022	16	17	20977	38
311000	63	930	849	11922	0	0	20266	1
312000	54	872	774	11931	136	22	21731	216
313000	53	726	804	12136	46	28	21451	109
314000	63	898	816	11921	34	63	20969	189
315000	52	860	736	12027	28	97	21866	193
316000	59	836	815	11861	117	69	20739	281
317000	47	822	784	12048	47	83	21625	200
318000	71	891	763	11919	78	80	21621	280
319000	71	890	812	11788	94	84	21054	277
320000	66	710	734	12170	75	52	22098	129
321000	59	989	731	11829	128	90	21730	188
322000	69	793	758	11911	190	149	21271	442
323000	57	810	790	11866	145	154	21750	511
324000	82	890	780	11711	209	101	20311	447
325000	79	822	813	11459	296	242	20785	1114
326000	94	808	801	11236	533	264	21497	1153
327000	98	781	817	10903	764	377	19841	1916
328000	71	746	824	11068	701	367	18328	1763
329000	67	837	865	11171	439	334	19798	1305
330000	61	897	750	11392	439	287	20518	1291
331000	76	814	690	11471	280	481	20701	1563
332000	55	816	795	11411	309	413	20432	1195
333000	70	823	781	11307	322	467	20350	1286
334000	53	885	849	11401	331	240	20828	1193
335000	75	852	849	11351	301	260	20477	882
336000	67	873	776	11526	277	306	19995	887
337000	68	815	711	11802	216	221	20090	708
338000	57	899	843	11604	162	189	21933	530
339000	45	843	779	12021	98	75	21474	267
340000	35	852	829	11973	108	43	20520	336
341000	45	897	838	11869	110	34	20574	423
342000	68	995	829	11663	128	83	21444	234
343000	54	861	786	11923	101	66	21179	365
344000	62	869	808	12029	8	36	22003	113
345000	62	719	787	12228	2	0	22548	10
346000	50	990	762	11965	31	24	21689	120
347000	60	739	851	12027	39	19	21227	112
348000	65	874	773	12080	11	36	21864	64
349000	34	848	771	12038	36	62	20949	120
350000	51	846	819	12046	5	30	22134	140
351000	50	820	779	12096	1	15	21652	65
352000	60	938	754	11948	105	0	21493	29
353000	52	879	795	11807	101	127	21160	522
354000	83	940	728	11920	116	44	20141	302
355000	70	805	833	11694	203	143	20955	635
356000	63	879	732	11806	116	223	21486	535
357000	70	895	769	11648	194	225	20797	517
358000	75	863	802	11757	135	155	20267	402
359000	46	826	774	11791	195	152	20190	716
360000	65	810	805	11637	243	196	21161	581
361000	85	863	821	11444	127	384	21187	690
362000	87	768	888	11452	238	315	20832	1099
363000	59	906	857	11559	107	247	21083	562
364000	66	832	780	11638	201	277	20691	750
365000	84	884	908	11385	282	192	20329	735
366000	57	719	828	11837	107	271	20877	521
367000	52	815	905	11579	142	244	21301	661
368000	55	830	778	11749	217	147	20464	589
369000	72	837	912	11580	189	134	20982	516
370000	63	809	819	11824	149	134	21807	573
371000	64	858	770	11745	139	204	20674	569
372000	56	834	801	11963	81	41	22124	209
373000	66	748	841	11897	50	106	22064	263
374000	55	942	818	11873	31	72	21395	143
375000	86	968	864	11750	45	5	20831	16
376000	44	795	779	12128	2	46	22130	85
377000	48	947	848	11863	3	86	21195	77
378000	63	855	731	11991	41	125	22299	360
379000	47	823	820	11969	54	103	20920	365
380000	60	873	712	11967	49	147	21061	296
381000	43	860	823	11828	143	98	20991	497
382000	62	829	753	11908	196	81	20489	660
383000	78	934	861	11742	129	30	20761	271
384000	76	968	848	11663	139	79	21308	331
385000	77	902	841	11595	216	83	21142	470
386000	38	796	875	11747	139	146	21923	660
387000	76	864	881	11525	247	131	20886	453
388000	81	810	843	11619	260	151	20615	601
389000	76	861	828	11568	258	223	20554	738
390000	75	875	870	11382	283	252	19813	880
391000	65	818	700	11724	239	274	20554	798
392000	67	826	706	11628	194	430	20930	1096
393000	68	753	850	11341	460	279	21117	1233
394000	51	790	812	11404	328	403	20634	882
395000	112	766	951	11121	486	244	21228	1412
396000	96	843	895	10972	582	347	19351	1591
397000	83	701	827	10838	813	493	19845	1709
398000	89	873	830	10890	640	408	20018	1933
399000	89	783	779	11024	618	501	20084	1718
400000	40	747	749	11393	487	403	19422	1619
401000	59	796	808	11415	404	278	20755	1443
402000	100	797	847	11282	400	344	20996	1142
403000	63	742	798	11592	232	351	20973	965
404000	109	817	778	11533	253	275	20403	977
405000	64	790	811	11311	481	333	19737	1139
406000	69	861	824	10945	722	354	20462	1771
407000	71	930	765	10788	751	527	20030	2065
408000	64	807	782	10844	695	592	19077	2552
409000	87	789	801	10794	773	545	19025	2214
410000	97	810	722	10908	794	485	20825	1981
411000	62	806	811	10721	652	722	19760	2224
412000	88	848	795	10855	531	631	19418	1968
413000	72	849	804	11132	404	503	20571	1623
414000	80	826	810	11090	552	403	19330	1597
415000	70	853	727	11237	570	376	19462	1461
416000	70	722	813	11273	479	426	20802	1840
417000	64	927	850	11009	328	588	18953	1981
418000	57	830	748	11106	456	600	20399	1646
419000	58	854	800	10954	486	658	19383	1935
420000	68	742	780	10879	615	713	19701	1689
421000	88	735	940	10807	581	578	19020	2074
422000	80	786	807	10982	560	557	20535	1705
423000	67	847	831	11128	589	335	19962	1570
424000	47	866	736	11632	263	276	21464	816
425000	81	833	859	11194	463	285	19635	1182
426000	73	840	793	11277	620	206	19953	1304
427000	71	813	847	11212	455	378	20578	1568
428000	63	697	792	11229	653	371	21478	1522
429000	56	717	846	11264	484	404	20557	1339
430000	48	819	831	11538	171	335	20967	785
431000	81	879	830	11309	338	302	20156	979
432000	52	772	730	11630	326	310	20405	858
433000	56	892	845	11575	188	194	20597	797
434000	74	731	761	11807	165	293	21262	787
435000	85	891	968	11112	297	337	20804	879
436000	68	799	773	11530	378	229	20285	1073
437000	63	833	721	11522	321	368	20188	1340
438000	52	841	755	11718	126	339	20529	842
439000	59	869	762	11653	144	321	20786	722
440000	57	837	700	11721	281	284	19839	1165
441000	74	854	797	11463	297	268	21336	1255
442000	108	788	904	11243	444	249	19747	986
443000	87	956	903	11176	354	269	20662	1034
444000	66	783	827	11691	274	154	21420	779
445000	44	762	769	11887	178	193	21015	532
446000	80	822	822	11793	140	130	21051	357
447000	65	886	790	11918	96	52	20837	376
448000	79	1031	765	11790	114	52	20139	333
449000	73	848	801	11947	59	51	21116	192
450000	56	802	823	11943	74	77	21026	307
451000	39	843	721	12112	63	41	21080	280
452000	37	869	754	12040	49	95	20559	187
453000	60	882	787	12049	41	30	20730	114
454000	61	804	827	12049	31	22	22082	164
455000	56	904	801	12081	0	0	21628	3
456000	60	892	817	11893	58	25	21751	193
457000	57	909	844	11943	4	5	21932	43
458000	65	826	881	11953	0	4	21811	13
459000	65	821	791	12070	10	42	20415	118
460000	40	845	889	11983	0	2	21402	7
461000	54	887	789	12115	0	0	21860	1
462000	80	799	839	11985	73	9	22463	181
463000	75	1039	812	11751	62	50	20775	192
464000	63	871	844	11872	115	15	22489	172
465000	62	760	865	11930	67	65	21091	295
466000	66	771	785	12098	42	52	21132	113
467000	62	1023	774	11876	30	35	20647	128
468000	65	887	760	12063	41	7	21754	58
469000	72	819	761	12113	8	8	21331	55
470000	50	800	747	12164	26	31	21500	156
471000	69	834	693	12099	53	98	21392	238
472000	60	975	803	11820	92	86	20537	279
473000	59	812	899	11773	108	62	21330	247
474000	96	808	837	11855	140	47	21114	365
475000	52	732	789	12030	122	121	21160	424
476000	59	883	770	11953	94	26	22565	278
477000	77	805	919	11652	134	109	20537	327
478000	76	845	851	11696	129	137	21550	390
479000	73	873	804	11744	194	104	21356	556
480000	64	886	772	11718	201	152	20434	727
481000	74	857	937	11439	167	219	20569	897
482000	52	897	750	11596	299	244	20009	990
483000	79	880	813	11579	203	201	20174	535
484000	80	954	842	11313	347	235	20697	1004
485000	70	802	772	11710	268	145	21584	833
486000	65	798	715	11578	307	380	20523	1109
487000	73	845	808	11483	237	306	20516	912
488000	85	840	747	11596	380	172	20736	901
489000	64	819	681	11601	341	325	20604	1161
490000	67	852	791	11434	426	223	20236	957
491000	47	811	782	11766	309	127	20443	736
492000	76	813	855	11750	232	54	19799	419
493000	47	981	833	11652	193	116	20844	523
494000	72	817	809	11861	107	104	21928	306
495000	59	782	777	12030	84	85	21795	328
496000	80	810	925	11460	172	221	20490	588
497000	84	824	839	11457	270	288	20716	945
498000	58	825	760	11529	287	324	20926	1020
499000	79	925	744	11392	317	370	19507	1169
